time,job_id,num_gpu,submit_time,start_time,end_time,executed_time,JCT,duration,pending_time,preempt,promote
10006,1,1,6,6,10006,10000,10000,10000,0,0,0
27794,2,1,6,6,27794,27788,27788,27788,0,0,0
47452,4,1,10,10,47452,47442,47442,47442,0,0,0
50932,24,1,44506,44506,50932,6426,6426,6426,0,0,0
71728,8,1,17,17,71728,71711,71711,71711,0,0,0
88003,18,1,44488,44488,88003,43515,43515,43515,0,0,0
95121,0,1,0,0,95121,95121,95121,95121,0,0,0
96445,7,1,14,14,96445,96431,96431,96431,0,0,0
138519,11,1,22,22,138519,138497,138497,138497,0,0,0
164380,13,1,26,26,164380,164354,164354,164354,0,0,0
205786,27,1,44508,44508,205786,161278,161278,161278,0,0,0
214591,9,1,18,18,214591,214573,214573,214573,0,0,0
227498,32,1,225010,225010,227498,2488,2488,2488,0,0,0
233159,30,1,224999,224999,233159,8160,8160,8160,0,0,0
249917,22,1,44500,44500,249917,205417,205417,205417,0,0,0
283022,15,1,30,30,283022,282992,282992,282992,0,0,0
329579,33,1,225012,225012,329579,104567,104567,104567,0,0,0
365796,41,4,291313,291313,365796,74483,74483,74483,0,0,0
398384,28,1,224994,224994,398384,173390,173390,173390,0,0,0
399086,25,1,44507,44507,399086,354579,354579,354579,0,0,0
399377,21,1,44498,44498,399377,354879,354879,354879,0,0,0
603106,53,4,510191,510191,603106,92915,92915,92915,0,0,0
621381,38,4,291295,291295,621381,330086,330086,330086,0,0,0
687598,58,4,632338,632338,687598,55260,55260,55260,0,0,0
696856,57,4,632336,632336,696856,64520,64520,64520,0,0,0
712420,55,4,632320,632320,712420,80100,80100,80100,0,0,0
864042,63,2,719754,719754,864042,144288,144288,144288,0,0,0
867065,86,4,810604,810604,867065,56461,56461,56461,0,0,0
970520,16,1,44477,44477,970520,926043,926043,926043,0,0,0
984696,117,2,961023,961023,984696,23673,23673,23673,0,0,0
991611,174,2,961222,961222,991611,30389,30389,30389,0,0,0
999359,124,2,961048,961048,999359,38311,38311,38311,0,0,0
1002479,151,2,961143,961143,1002479,41336,41336,41336,0,0,0
1006279,195,2,961295,961295,1006279,44984,44984,44984,0,0,0
1012266,181,2,961246,961246,1012266,51020,51020,51020,0,0,0
1013464,47,4,343925,343925,1013464,669539,669539,669539,0,0,0
1015311,177,2,961233,961233,1015311,54078,54078,54078,0,0,0
1016884,126,2,961055,961055,1016884,55829,55829,55829,0,0,0
1018751,202,2,961318,961318,1018751,57433,57433,57433,0,0,0
1019046,170,2,961208,961208,1019046,57838,57838,57838,0,0,0
1022086,199,2,961308,961308,1022086,60778,60778,60778,0,0,0
1027060,64,2,719767,719767,1027060,307293,307293,307293,0,0,0
1030754,122,2,961041,961041,1030754,69713,69713,69713,0,0,0
1033257,212,2,961361,961361,1033257,71896,71896,71896,0,0,0
1044154,141,2,961106,961106,1044154,83048,83048,83048,0,0,0
1048758,62,2,719748,719748,1048758,329010,329010,329010,0,0,0
1049861,65,2,719816,719816,1049861,330045,330045,330045,0,0,0
1064984,66,2,719849,719849,1064984,345135,345135,345135,0,0,0
1066313,133,2,961078,961078,1066313,105235,105235,105235,0,0,0
1072947,156,2,961160,961160,1072947,111787,111787,111787,0,0,0
1084508,159,2,961171,961171,1084508,123337,123337,123337,0,0,0
1090899,111,2,961001,961001,1090899,129898,129898,129898,0,0,0
1103498,23,1,44500,44500,1103498,1058998,1058998,1058998,0,0,0
1104681,3,1,6,6,1104681,1104675,1104675,1104675,0,0,0
1121471,142,2,961109,961109,1121471,160362,160362,160362,0,0,0
1140848,34,1,225015,225015,1140848,915833,915833,915833,0,0,0
1194062,168,2,961201,961201,1194062,232861,232861,232861,0,0,0
1197799,12,1,25,25,1197799,1197774,1197774,1197774,0,0,0
1241879,54,4,510211,510211,1241879,731668,731668,731668,0,0,0
1249597,135,2,961086,961086,1249597,288511,288511,288511,0,0,0
1270183,17,1,44477,44477,1270183,1225706,1225706,1225706,0,0,0
1321597,56,4,632320,632320,1321597,689277,689277,689277,0,0,0
1354721,35,1,225016,225016,1354721,1129705,1129705,1129705,0,0,0
1370455,116,2,961019,961019,1370455,409436,409436,409436,0,0,0
1413576,140,2,961102,961102,1413576,452474,452474,452474,0,0,0
1419824,49,4,343982,343982,1419824,1075842,1075842,1075842,0,0,0
1448541,171,2,961211,961211,1448541,487330,487330,487330,0,0,0
1470543,157,2,961164,961164,1470543,509379,509379,509379,0,0,0
1479012,92,4,810997,810997,1479012,668015,668015,668015,0,0,0
1491012,165,2,961191,961191,1491012,529821,529821,529821,0,0,0
1513709,144,2,961118,961118,1513709,552591,552591,552591,0,0,0
1574674,205,2,961332,961332,1574674,613342,613342,613342,0,0,0
1631892,130,2,961069,961069,1631892,670823,670823,670823,0,0,0
1635696,118,2,961026,961026,1635696,674670,674670,674670,0,0,0
1657737,169,2,961204,961204,1657737,696533,696533,696533,0,0,0
1762890,112,2,961004,961004,1762890,801886,801886,801886,0,0,0
1786147,247,2,1743130,1743130,1786147,43017,43017,43017,0,0,0
1796716,128,2,961062,961062,1796716,835654,835654,835654,0,0,0
1799358,193,2,961287,961287,1799358,838071,838071,838071,0,0,0
1807517,154,2,961153,961153,1807517,846364,846364,846364,0,0,0
1809282,233,2,1743072,1743072,1809282,66210,66210,66210,0,0,0
1816253,251,2,1743145,1743145,1816253,73108,73108,73108,0,0,0
1820420,238,2,1743092,1743092,1820420,77328,77328,77328,0,0,0
1820651,259,2,1743194,1743194,1820651,77457,77457,77457,0,0,0
1820655,232,2,1743067,1743067,1820655,77588,77588,77588,0,0,0
1854061,291,1,1837969,1837969,1854061,16092,16092,16092,0,0,0
1855451,301,1,1838064,1838064,1855451,17387,17387,17387,0,0,0
1855926,283,1,1837887,1837887,1855926,18039,18039,18039,0,0,0
1860644,382,1,1838943,1838943,1860644,21701,21701,21701,0,0,0
1860927,384,1,1838962,1838962,1860927,21965,21965,21965,0,0,0
1864015,305,1,1838105,1838105,1864015,25910,25910,25910,0,0,0
1867203,296,1,1838014,1838014,1867203,29189,29189,29189,0,0,0
1868904,304,1,1838090,1838090,1868904,30814,30814,30814,0,0,0
1870497,347,1,1838569,1838569,1870497,31928,31928,31928,0,0,0
1871302,286,1,1837922,1837922,1871302,33380,33380,33380,0,0,0
1873852,314,1,1838201,1838201,1873852,35651,35651,35651,0,0,0
1874248,315,1,1838219,1838219,1874248,36029,36029,36029,0,0,0
1875023,363,1,1838723,1838723,1875023,36300,36300,36300,0,0,0
1875633,289,1,1837949,1837949,1875633,37684,37684,37684,0,0,0
1876006,321,1,1838276,1838276,1876006,37730,37730,37730,0,0,0
1876194,310,1,1838151,1838151,1876194,38043,38043,38043,0,0,0
1876194,353,1,1838628,1838628,1876194,37566,37566,37566,0,0,0
1878340,328,1,1838357,1838357,1878340,39983,39983,39983,0,0,0
1879048,341,1,1838500,1838500,1879048,40548,40548,40548,0,0,0
1883217,60,2,719728,719728,1883217,1163489,1163489,1163489,0,0,0
1892595,356,1,1838662,1838662,1892595,53933,53933,53933,0,0,0
1894206,394,1,1892950,1892950,1894206,1256,1256,1256,0,0,0
1896000,76,4,810492,810492,1896000,1085508,1085508,1085508,0,0,0
1905106,385,1,1838970,1838970,1905106,66136,66136,66136,0,0,0
1905375,354,1,1838637,1838637,1905375,66738,66738,66738,0,0,0
1906144,223,4,1730216,1730216,1906144,175928,175928,175928,0,0,0
1906281,395,1,1893036,1893036,1906281,13245,13245,8796,4449,1,0
1909136,343,1,1838535,1838535,1909136,70601,70601,70601,0,0,0
1909529,252,2,1743149,1743149,1909529,166380,166380,140567,25813,2,0
1911129,313,1,1838185,1838185,1911129,72944,72944,72944,0,0,0
1916043,19,1,44488,44488,1916043,1871555,1871555,1871555,0,0,0
1916335,307,1,1838123,1838123,1916335,78212,78212,78212,0,0,0
1918886,372,1,1838835,1838835,1918886,80051,80051,80051,0,0,0
1925802,290,1,1837957,1837957,1925802,87845,87845,87845,0,0,0
1926845,198,2,961305,961305,1926845,965540,965540,965540,0,0,0
1930265,256,2,1743175,1743175,1930265,187090,187090,147416,39674,2,0
1940242,367,1,1838759,1838759,1940242,101483,101483,101483,0,0,0
1950301,338,1,1838474,1838474,1950301,111827,111827,111827,0,0,0
1973913,210,2,961349,961349,1973913,1012564,1012564,1012564,0,0,0
1974435,312,1,1838174,1838174,1974435,136261,136261,136261,0,0,0
2016758,246,2,1743125,1743125,2016758,273633,273633,273633,0,0,0
2021589,266,2,1829632,1829632,2021589,191957,191957,118643,73314,2,0
2022001,235,2,1743079,1743079,2022001,278922,278922,278922,0,0,0
2027217,380,1,1838925,1838925,2027217,188292,188292,188292,0,0,0
2033389,348,1,1838585,1838585,2033389,194804,194804,194804,0,0,0
2042475,89,4,810916,810916,2042475,1231559,1231559,1231559,0,0,0
2050503,275,2,1829695,1829695,2050503,220808,220808,42593,178215,1,0
2057180,413,1,1986341,1986341,2057180,70839,70839,37163,33676,1,0
2072941,392,1,1892825,1892825,2072941,180116,180116,173134,6982,2,0
2084379,300,1,1838055,1838055,2084379,246324,246324,243900,2424,1,0
2095457,200,2,961312,961312,2095457,1134145,1134145,1134145,0,0,0
2099695,208,2,961343,961343,2099695,1138352,1138352,1138352,0,0,0
2117832,303,1,1838081,1838081,2117832,279751,279751,277312,2439,1,0
2122316,299,1,1838046,1838046,2122316,284270,284270,281846,2424,1,0
2128961,263,2,1743219,1743219,2128961,385742,385742,313736,72006,3,0
2133876,398,2,1900661,1900661,2133876,233215,233215,38626,194589,1,0
2137667,309,1,1838141,1838141,2137667,299526,299526,297078,2448,1,0
2142163,320,1,1838268,1838268,2142163,303895,303895,301443,2452,1,0
2148279,272,2,1829675,1829675,2148279,318604,318604,214364,104240,2,0
2154578,83,4,810564,810564,2154578,1344014,1344014,1344014,0,0,0
2173655,269,2,1829653,1829653,2173655,344002,344002,261181,82821,2,0
2175418,401,2,1900676,1900676,2175418,274742,274742,45972,228770,1,0
2178786,288,1,1837940,1837940,2178786,340846,340846,338446,2400,1,0
2179152,407,2,1900833,1900833,2179152,278319,278319,8007,270312,1,0
2182693,336,1,1838448,1838448,2182693,344245,344245,341776,2469,1,0
2187848,406,2,1900806,1900806,2187848,287042,287042,18493,268549,1,0
2188150,393,1,1892933,1892933,2188150,295217,295217,288202,7015,2,0
2188450,402,2,1900719,1900719,2188450,287731,287731,50674,237057,1,0
2190243,125,2,961051,961051,2190243,1229192,1229192,1229192,0,0,0
2199843,404,2,1900755,1900755,2199843,299088,299088,49616,249472,1,0
2205106,409,2,1901098,1901098,2205106,304008,304008,26421,277587,1,0
2205683,162,2,961181,961181,2205683,1244502,1244502,1244502,0,0,0
2210052,160,2,961174,961174,2210052,1248878,1248878,1248878,0,0,0
2220103,91,4,810994,810994,2220103,1409109,1409109,1409109,0,0,0
2254077,375,1,1838866,1838866,2254077,415211,415211,409752,5459,2,0
2254229,100,2,960960,960960,2254229,1293269,1293269,1293269,0,0,0
2278178,45,4,343918,343918,2278178,1934260,1934260,1934260,0,0,0
2283328,265,2,1829629,1829629,2283328,453699,453699,377871,75828,4,0
2284423,302,1,1838073,1838073,2284423,446350,446350,441027,5323,2,0
2292241,410,4,1911117,1911117,2292241,381124,381124,101885,279239,2,0
2292484,137,2,961092,961092,2292484,1331392,1331392,1331392,0,0,0
2317059,366,1,1838750,1838750,2317059,478309,478309,472865,5444,2,0
2331719,389,1,1839011,1839011,2331719,492708,492708,487231,5477,2,0
2357146,146,2,961125,961125,2357146,1396021,1396021,1396021,0,0,0
2379739,295,1,1838005,1838005,2379739,541734,541734,536435,5299,2,0
2381987,215,4,1730160,1730160,2381987,651827,651827,649033,2794,1,0
2388110,5,1,11,11,2388110,2388099,2388099,2388099,0,0,0
2391122,334,1,1838416,1838416,2391122,552706,552706,547332,5374,2,0
2394924,323,1,1838303,1838303,2394924,556621,556621,551267,5354,2,0
2398018,337,1,1838466,1838466,2398018,559552,559552,554171,5381,2,0
2401952,415,4,2058785,2058785,2401952,343167,343167,147841,195326,2,0
2403324,14,1,29,29,2403324,2403295,2403295,2403295,0,0,0
2412330,29,1,224997,224997,2412330,2187333,2187333,2187333,0,0,0
2412392,399,2,1900666,1900666,2412392,511726,511726,289043,222683,3,0
2448259,414,4,2058781,2058781,2448259,389478,389478,225266,164212,3,0
2460702,97,2,960948,960948,2460702,1499754,1499754,1499754,0,0,0
2466095,297,1,1838022,1838022,2466095,628073,628073,622765,5308,2,0
2466743,318,1,1838250,1838250,2466743,628493,628493,623150,5343,2,0
2477141,226,2,1743040,1743040,2477141,734101,734101,728941,5160,2,0
2502598,364,1,1838732,1838732,2502598,663866,663866,658429,5437,2,0
2503042,351,1,1838611,1838611,2503042,664431,664431,659034,5397,2,0
2510501,411,4,1911136,1911136,2510501,599365,599365,302770,296595,3,0
2514737,426,4,2058866,2058866,2514737,455871,455871,40137,415734,1,0
2516382,186,2,961263,961263,2516382,1555119,1555119,1552369,2750,1,0
2517488,346,1,1838560,1838560,2517488,678928,678928,673540,5388,2,0
2530618,42,4,291315,291315,2530618,2239303,2239303,2239303,0,0,0
2538654,227,2,1743044,1743044,2538654,795610,795610,790443,5167,2,0
2542199,237,2,1743086,1743086,2542199,799113,799113,793899,5214,2,0
2542729,153,2,961150,961150,2542729,1581579,1581579,1581579,0,0,0
2550255,421,4,2058830,2058830,2550255,491425,491425,159184,332241,2,0
2555593,287,1,1837931,1837931,2555593,717662,717662,712381,5281,2,0
2623791,194,2,961290,961290,2623791,1662501,1662501,1659740,2761,1,0
2628025,298,1,1838038,1838038,2628025,789987,789987,784679,5308,2,0
2651898,349,1,1838594,1838594,2651898,813304,813304,807911,5393,2,0
2654522,360,1,1838697,1838697,2654522,815825,815825,810392,5433,2,0
2655143,225,2,1743036,1743036,2655143,912107,912107,906959,5148,2,0
2687949,119,2,961030,961030,2687949,1726919,1726919,1726919,0,0,0
2703108,37,4,291287,291287,2703108,2411821,2411821,2411821,0,0,0
2704208,333,1,1838407,1838407,2704208,865801,865801,860427,5374,2,0
2712307,258,2,1743190,1743190,2712307,969117,969117,919463,49654,5,0
2721452,424,4,2058855,2058855,2721452,662597,662597,275745,386852,1,0
2723405,79,4,810521,810521,2723405,1912884,1912884,1912884,0,0,0
2734613,26,1,44508,44508,2734613,2690105,2690105,2690105,0,0,0
2736078,59,2,719719,719719,2736078,2016359,2016359,2016359,0,0,0
2739815,417,4,2058800,2058800,2739815,681015,681015,447670,233345,2,0
2743806,273,2,1829683,1829683,2743806,914123,914123,770751,143372,4,0
2755096,378,1,1838892,1838892,2755096,916204,916204,910742,5462,2,0
2762847,560,8,2762368,2762368,2762847,479,479,479,0,0,0
2763430,556,8,2762351,2762351,2763430,1079,1079,1079,0,0,0
2780011,280,2,1829720,1829720,2780011,950291,950291,730120,220171,4,0
2788633,10,1,21,21,2788633,2788612,2788612,2788612,0,0,0
2799002,285,1,1837914,1837914,2799002,961088,961088,955811,5277,2,0
2799821,6,1,12,12,2799821,2799809,2799809,2799809,0,0,0
2804354,332,1,1838397,1838397,2804354,965957,965957,960583,5374,2,0
2843725,268,2,1829649,1829649,2843725,1014076,1014076,928709,85367,4,0
2907871,408,2,1900934,1900934,2907871,1006937,1006937,727404,279533,3,0
2963218,386,1,1838980,1838980,2963218,1124238,1124238,1118769,5469,2,0
3001069,433,4,2058897,2058897,3001069,942172,942172,445265,496907,3,0
3021157,85,4,810588,810588,3021157,2210569,2210569,2210569,0,0,0
3023019,279,2,1829716,1829716,3023019,1193303,1193303,981202,212101,4,0
3030251,837,1,3028125,3028125,3030251,2126,2126,2126,0,0,0
3042776,260,2,1743198,1743198,3042776,1299578,1299578,1239296,60282,7,0
3056417,196,2,961298,961298,3056417,2095119,2095119,2092351,2768,1,0
3071072,371,1,1838825,1838825,3071072,1232247,1232247,1220270,11977,3,0
3082773,741,1,3027899,3027899,3082773,54874,54874,54639,235,1,0
3087694,697,1,3027713,3027713,3087694,59981,59981,59701,280,1,0
3089323,339,1,1838483,1838483,3089323,1250840,1250840,1239110,11730,3,0
3089351,711,1,3027739,3027739,3089351,61612,61612,61296,316,1,0
3089648,692,1,3027697,3027697,3089648,61951,61951,61676,275,1,0
3106230,253,2,1743159,1743159,3106230,1363071,1363071,1318556,44515,6,0
3106852,317,1,1838242,1838242,3106852,1268610,1268610,1257037,11573,3,0
3124486,132,2,961075,961075,3124486,2163411,2163411,2163411,0,0,0
3124544,713,1,3027778,3027778,3124544,96766,96766,96485,281,1,0
3126788,716,1,3027848,3027848,3126788,98940,98940,98724,216,1,0
3131744,703,1,3027724,3027724,3131744,104020,104020,103729,291,1,0
3134830,702,1,3027724,3027724,3134830,107106,107106,106818,288,1,0
3138821,724,1,3027864,3027864,3138821,110957,110957,110742,215,1,0
3140498,736,1,3027887,3027887,3140498,112611,112611,112378,233,1,0
3145587,685,1,3027673,3027673,3145587,117914,117914,117652,262,1,0
3151370,725,1,3027866,3027866,3151370,123504,123504,123289,215,1,0
3151445,749,1,3027919,3027919,3151445,123526,123526,87573,35953,1,0
3160665,656,1,3027595,3027595,3160665,133070,133070,132807,263,1,0
3162301,603,1,3027133,3027133,3162301,135168,135168,134772,396,1,0
3163819,131,2,961072,961072,3163819,2202747,2202747,2202747,0,0,0
3164272,715,1,3027819,3027819,3164272,136453,136453,136209,244,1,0
3180861,756,1,3027935,3027935,3180861,152926,152926,63517,89409,1,0
3183724,669,1,3027629,3027629,3183724,156095,156095,155841,254,1,0
3190427,613,1,3027181,3027181,3190427,163246,163246,162825,421,1,0
3191342,376,1,1838875,1838875,3191342,1352467,1352467,1340461,12006,3,0
3193678,708,1,3027735,3027735,3193678,165943,165943,165634,309,1,0
3201208,597,1,3027091,3027091,3201208,174117,174117,173801,316,1,0
3206969,695,1,3027709,3027709,3206969,179260,179260,178988,272,1,0
3210079,20,1,44497,44497,3210079,3165582,3165582,3165582,0,0,0
3210566,671,1,3027633,3027633,3210566,182933,182933,182679,254,1,0
3212786,96,2,960944,960944,3212786,2251842,2251842,2251842,0,0,0
3214881,755,1,3027931,3027931,3214881,186950,186950,115229,71721,1,0
3228979,759,1,3027943,3027943,3228979,201036,201036,101349,99687,1,0
3237413,757,1,3027937,3027937,3237413,209476,209476,117825,91651,1,0
3259619,121,2,961036,961036,3259619,2298583,2298583,2298583,0,0,0
3260419,617,1,3027237,3027237,3260419,233182,233182,232806,376,1,0
3272883,636,1,3027362,3027362,3272883,245521,245521,245203,318,1,0
3287126,622,1,3027271,3027271,3287126,259855,259855,259497,358,1,0
3289125,672,1,3027637,3027637,3289125,261488,261488,261234,254,1,0
3296185,775,1,3027988,3027988,3296185,268197,268197,93306,174891,1,0
3302559,777,1,3027992,3027992,3302559,274567,274567,94878,179689,1,0
3305252,649,1,3027552,3027552,3305252,277700,277700,277455,245,1,0
3307821,322,1,1838284,1838284,3307821,1469537,1469537,1457937,11600,3,0
3308055,620,1,3027263,3027263,3308055,280792,280792,280430,362,1,0
3315712,148,2,961132,961132,3315712,2354580,2354580,2354580,0,0,0
3350886,638,1,3027369,3027369,3350886,323517,323517,323198,319,1,0
3352124,782,1,3028004,3028004,3352124,324120,324120,72198,251922,1,0
3356476,377,1,1838883,1838883,3356476,1517593,1517593,1505580,12013,3,0
3362825,104,2,960974,960974,3362825,2401851,2401851,2401851,0,0,0
3367500,787,1,3028016,3028016,3367500,339484,339484,66879,272605,1,0
3367635,228,2,1743049,1743049,3367635,1624586,1624586,1612723,11863,6,0
3373728,660,1,3027602,3027602,3373728,346126,346126,345862,264,1,0
3386992,255,2,1743167,1743167,3386992,1643825,1643825,1591897,51928,6,0
3423488,102,2,960968,960968,3423488,2462520,2462520,2462520,0,0,0
3434649,766,1,3027966,3027966,3434649,406683,406683,279548,127135,1,0
3438765,761,1,3027957,3027957,3438765,410808,410808,305467,105341,1,0
3457425,771,1,3027980,3027980,3457425,429445,429445,273283,156162,1,0
3457919,74,2,769106,769106,3457919,2688813,2688813,2688813,0,0,0
3460624,768,1,3027969,3027969,3460624,432655,432655,286963,145692,1,0
3470616,774,1,3027984,3027984,3470616,442632,442632,270847,171785,1,0
3470623,794,1,3028033,3028033,3470623,442590,442590,54335,388255,1,0
3485720,396,1,1893136,1893136,3485720,1592584,1592584,1570685,21899,6,0
3518039,72,2,769093,769093,3518039,2748946,2748946,2748946,0,0,0
3519220,746,1,3027911,3027911,3519220,491309,491309,491005,304,1,0
3523413,781,1,3028003,3028003,3523413,495410,495410,257730,237680,1,0
3529968,783,1,3028008,3028008,3529968,501960,501960,248043,253917,1,0
3551915,808,1,3028063,3028063,3551915,523852,523852,35702,488150,1,0
3558415,809,1,3028064,3028064,3558415,530351,530351,35647,494704,1,0
3590737,810,1,3028066,3028066,3590737,562671,562671,46022,516649,1,0
3596199,397,2,1900657,1900657,3596199,1695542,1695542,1267837,427705,4,0
3596937,650,1,3027558,3027558,3596937,569379,569379,569118,261,1,0
3602102,788,1,3028019,3028019,3602102,574083,574083,301247,272836,1,0
3609730,665,1,3027622,3027622,3609730,582108,582108,581854,254,1,0
3625845,816,1,3028078,3028078,3625845,597767,597767,30943,566824,1,0
3627475,812,1,3028070,3028070,3627475,599405,599405,43938,555467,1,0
3640375,39,4,291300,291300,3640375,3349075,3349075,3349075,0,0,0
3647466,105,2,960978,960978,3647466,2686488,2686488,2686488,0,0,0
3684839,627,1,3027298,3027298,3684839,657541,657541,657192,349,1,0
3697890,676,1,3027644,3027644,3697890,670246,670246,669987,259,1,0
3699106,621,1,3027267,3027267,3699106,671839,671839,671478,361,1,0
3758495,31,1,225000,225000,3758495,3533495,3533495,3533495,0,0,0
3818393,71,2,769074,769074,3818393,3049319,3049319,3049319,0,0,0
3818428,70,2,769060,769060,3818428,3049368,3049368,3049368,0,0,0
3826395,826,1,3028099,3028099,3826395,798296,798296,15202,783094,1,0
3849387,701,1,3027720,3027720,3849387,821667,821667,821383,284,1,0
3851139,344,1,1838543,1838543,3851139,2012596,2012596,2000840,11756,3,0
3853914,732,1,3027879,3027879,3853914,826035,826035,822972,3063,2,0
3855722,379,1,1838910,1838910,3855722,2016812,2016812,2004790,12022,3,0
3868144,875,1,3867133,3867133,3868144,1011,1011,1011,0,0,0
3883672,726,1,3027868,3027868,3883672,855804,855804,852768,3036,2,0
3892107,359,1,1838688,1838688,3892107,2053419,2053419,2041589,11830,3,0
3894125,827,1,3028099,3028099,3894125,866026,866026,76969,789057,3,0
3898291,819,1,3028082,3028082,3898291,870209,870209,269228,600981,4,0
3935459,138,2,961095,961095,3935459,2974364,2974364,2974364,0,0,0
3946126,834,1,3028117,3028117,3946126,918009,918009,82880,835129,4,0
3957219,800,1,3028045,3028045,3957219,929174,929174,499102,430072,4,0
3961430,831,1,3028112,3028112,3961430,933318,933318,110395,822923,4,0
3967918,835,1,3028120,3028120,3967918,939798,939798,85410,854388,3,0
3968050,832,1,3028113,3028113,3968050,939937,939937,115259,824678,4,0
3969015,838,1,3028126,3028126,3969015,940889,940889,79205,861684,2,0
3975664,842,1,3028136,3028136,3975664,947528,947528,36738,910790,1,0
3976608,845,1,3028204,3028204,3976608,948404,948404,15890,932514,1,0
3980357,779,1,3027995,3027995,3980357,952362,952362,747261,205101,2,0
3982168,846,1,3028215,3028215,3982168,953953,953953,21318,932635,1,0
3985248,294,1,1837996,1837996,3985248,2147252,2147252,2139730,7522,3,0
3993083,847,1,3028440,3028440,3993083,964643,964643,31268,933375,1,0
3998490,876,1,3867169,3867169,3998490,131321,131321,29082,102239,1,0
4004824,839,1,3028130,3028130,4004824,976694,976694,110848,865846,2,0
4021509,830,1,3028108,3028108,4021509,993401,993401,193471,799930,4,0
4028255,822,1,3028090,3028090,4028255,1000165,1000165,338904,661261,5,0
4028695,825,1,3028095,3028095,4028695,1000600,1000600,268564,732036,4,0
4050333,120,2,961033,961033,4050333,3089300,3089300,3089300,0,0,0
4050912,844,1,3028157,3028157,4050912,1022755,1022755,96682,926073,1,0
4053730,753,1,3027927,3027927,4053730,1025803,1025803,968723,57080,2,0
4057327,700,1,3027720,3027720,4057327,1029607,1029607,1029324,283,1,0
4061113,848,1,3028452,3028452,4061113,1032661,1032661,92649,940012,1,0
4071410,722,1,3027860,3027860,4071410,1043550,1043550,1043335,215,1,0
4080747,843,1,3028139,3028139,4080747,1052608,1052608,130728,921880,1,0
4121735,902,1,4098906,4098906,4121735,22829,22829,22829,0,0,0
4121879,248,2,1743133,1743133,4121879,2378746,2378746,2366357,12389,3,0
4162231,815,1,3028075,3028075,4162231,1134156,1134156,560867,573289,5,0
4170123,145,2,961121,961121,4170123,3209002,3209002,3209002,0,0,0
4181770,740,1,3027896,3027896,4181770,1153874,1153874,1150794,3080,2,0
4238074,643,1,3027432,3027432,4238074,1210642,1210642,1210358,284,1,0
4238282,841,1,3028134,3028134,4238282,1210148,1210148,310023,900125,1,0
4255532,709,1,3027735,3027735,4255532,1227797,1227797,1227487,310,1,0
4262927,828,1,3028104,3028104,4262927,1234823,1234823,442860,791963,4,0
4265120,182,2,961249,961249,4265120,3303871,3303871,3303871,0,0,0
4277630,729,1,3027873,3027873,4277630,1249757,1249757,1246710,3047,2,0
4288886,801,1,3028049,3028049,4288886,1260837,1260837,828064,432773,4,0
4322802,647,1,3027523,3027523,4322802,1295279,1295279,1295049,230,1,0
4326959,796,1,3028037,3028037,4326959,1298922,1298922,895346,403576,3,0
4329014,807,1,3028060,3028060,4329014,1300954,1300954,808229,492725,4,0
4332362,797,1,3028040,3028040,4332362,1304322,1304322,895174,409148,3,0
4334406,805,1,3028056,3028056,4334406,1306350,1306350,814807,491543,4,0
4335722,143,2,961114,961114,4335722,3374608,3374608,3374608,0,0,0
4352522,284,1,1837896,1837896,4352522,2514626,2514626,2509266,5360,21,0
4353678,793,1,3028029,3028029,4353678,1325649,1325649,984253,341396,2,0
4355900,790,1,3028025,3028025,4355900,1327875,1327875,1008086,319789,2,0
4365438,719,1,3027854,3027854,4365438,1337584,1337584,1337368,216,1,0
4373316,734,1,3027883,3027883,4373316,1345433,1345433,1342363,3070,2,0
4387788,840,1,3028131,3028131,4387788,1359657,1359657,459529,900128,1,0
4395979,814,1,3028074,3028074,4395979,1367905,1367905,798203,569702,4,0
4401782,652,1,3027573,3027573,4401782,1374209,1374209,1373932,277,1,0
4436934,152,2,961147,961147,4436934,3475787,3475787,3475787,0,0,0
4452485,821,1,3028086,3028086,4452485,1424399,1424399,800507,623892,5,0
4471213,733,1,3027881,3027881,4471213,1443332,1443332,1440263,3069,2,0
4473073,820,1,3028085,3028085,4473073,1444988,1444988,821169,623819,5,0
4500649,651,1,3027565,3027565,4500649,1473084,1473084,1472801,283,1,0
4502929,780,1,3027999,3027999,4502929,1474930,1474930,1246827,228103,2,0
4513104,270,2,1829663,1829663,4513104,2683441,2683441,2576939,106502,6,0
4517562,737,1,3027891,3027891,4517562,1489671,1489671,1486599,3072,2,0
4530903,425,4,2058862,2058862,4530903,2472041,2472041,578329,1893712,4,0
4544867,261,2,1743209,1743209,4544867,2801658,2801658,2734474,67184,7,0
4547397,721,1,3027858,3027858,4547397,1519539,1519539,1519323,216,1,0
4549301,601,1,3027118,3027118,4549301,1522183,1522183,1521787,396,1,0
4556409,240,2,1743103,1743103,4556409,2813306,2813306,2801203,12103,3,0
4561375,615,1,3027207,3027207,4561375,1534168,1534168,1533768,400,1,0
4565452,365,1,1838741,1838741,4565452,2726711,2726711,2714813,11898,3,0
4594723,614,1,3027195,3027195,4594723,1567528,1567528,1567120,408,1,0
4607629,381,1,1838934,1838934,4607629,2768695,2768695,2756659,12036,3,0
4624197,836,1,3028121,3028121,4624197,1596076,1596076,733634,862442,3,0
4633913,192,2,961283,961283,4633913,3672630,3672630,3669869,2761,1,0
4661365,422,4,2058837,2058837,4661365,2602528,2602528,838076,1764452,7,0
4690946,698,1,3027716,3027716,4690946,1663230,1663230,1662951,279,1,0
4708862,106,2,960981,960981,4708862,3747881,3747881,3747881,0,0,0
4742207,327,1,1838348,1838348,4742207,2903859,2903859,2892194,11665,3,0
4747591,634,1,3027351,3027351,4747591,1720240,1720240,1719918,322,1,0
4755452,829,1,3028108,3028108,4755452,1727344,1727344,935385,791959,4,0
4766909,214,4,1730146,1730146,4766909,3036763,3036763,3033972,2791,1,0
4772543,699,1,3027717,3027717,4772543,1744826,1744826,1744544,282,1,0
4795038,730,1,3027876,3027876,4795038,1767162,1767162,1764117,3045,2,0
4810316,629,1,3027317,3027317,4810316,1782999,1782999,1782664,335,1,0
4823194,653,1,3027576,3027576,4823194,1795618,1795618,1795342,276,1,0
4826444,388,1,1839003,1839003,4826444,2987441,2987441,2975253,12188,4,0
4840013,786,1,3028015,3028015,4840013,1811998,1811998,1539075,272923,2,0
4858051,592,1,3027046,3027046,4858051,1831005,1831005,1830686,319,1,0
4891439,804,1,3028055,3028055,4891439,1863384,1863384,1404159,459225,4,0
4912973,823,1,3028090,3028090,4912973,1884883,1884883,1210561,674322,5,0
4947137,147,2,961129,961129,4947137,3986008,3986008,3986008,0,0,0
4954121,224,4,1730223,1730223,4954121,3223898,3223898,1997433,1226465,9,0
4967410,738,1,3027892,3027892,4967410,1939518,1939518,1936442,3076,2,0
5014525,607,1,3027153,3027153,5014525,1987372,1987372,1986952,420,1,0
5034438,243,2,1743115,1743115,5034438,3291323,3291323,3279022,12301,3,0
5044295,798,1,3028041,3028041,5044295,2016254,2016254,1586681,429573,4,0
5046528,82,4,810548,810548,5046528,4235980,4235980,4235980,0,0,0
5058418,61,2,719742,719742,5058418,4338676,4338676,4338676,0,0,0
5063753,438,4,2058942,2058942,5063753,3004811,3004811,411912,2592899,7,0
5074986,219,4,1730194,1730194,5074986,3344792,3344792,2335308,1009484,6,0
5077919,180,2,961242,961242,5077919,4116677,4116677,4116677,0,0,0
5088145,633,1,3027348,3027348,5088145,2060797,2060797,2060478,319,1,0
5125752,630,1,3027324,3027324,5125752,2098428,2098428,2098094,334,1,0
5133650,361,1,1838705,1838705,5133650,3294945,3294945,3283074,11871,3,0
5143845,342,1,1838525,1838525,5143845,3305320,3305320,3293571,11749,3,0
5157874,752,1,3027926,3027926,5157874,2129948,2129948,2072895,57053,2,0
5176542,445,4,2058992,2058992,5176542,3117550,3117550,45518,3072032,3,0
5213559,680,1,3027652,3027652,5213559,2185907,2185907,2185644,263,1,0
5229941,598,1,3027094,3027094,5229941,2202847,2202847,2202509,338,1,0
5235771,674,1,3027641,3027641,5235771,2208130,2208130,2207872,258,1,0
5254523,833,1,3028116,3028116,5254523,2226407,2226407,1397982,828425,5,0
5274176,739,1,3027896,3027896,5274176,2246280,2246280,2243204,3076,2,0
5296834,87,4,810619,810619,5296834,4486215,4486215,4486215,0,0,0
5314788,763,1,3027961,3027961,5314788,2286827,2286827,2167755,119072,2,0
5323159,108,2,960989,960989,5323159,4362170,4362170,4362170,0,0,0
5326077,101,2,960964,960964,5326077,4365113,4365113,4365113,0,0,0
5328978,735,1,3027885,3027885,5328978,2301093,2301093,2298019,3074,2,0
5371071,439,4,2058946,2058946,5371071,3312125,3312125,651892,2660233,8,0
5384727,693,1,3027701,3027701,5384727,2357026,2357026,2356754,272,1,0
5393331,306,1,1838115,1838115,5393331,3555216,3555216,3543691,11525,3,0
5396375,423,4,2058848,2058848,5396375,3337527,3337527,1507312,1830215,5,0
5399872,163,2,961185,961185,5399872,4438687,4438687,4438687,0,0,0
5404923,451,4,2059042,2059042,5404923,3345881,3345881,22561,3323320,1,0
5432979,278,2,1829707,1829707,5432979,3603272,3603272,3291629,311643,6,0
5472767,172,2,961215,961215,5472767,4511552,4511552,4511552,0,0,0
5493952,675,1,3027641,3027641,5493952,2466311,2466311,2466052,259,1,0
5539143,418,4,2058806,2058806,5539143,3480337,3480337,1922419,1557918,10,0
5551113,264,2,1829625,1829625,5551113,3721488,3721488,3635849,85639,6,0
5562931,292,1,1837978,1837978,5562931,3724953,3724953,3719303,5650,7,0
5563068,996,2,5560659,5560659,5563068,2409,2409,2409,0,0,0
5565164,308,1,1838132,1838132,5565164,3727032,3727032,3715504,11528,3,0
5584514,267,2,1829645,1829645,5584514,3754869,3754869,3662891,91978,7,0
5611467,992,2,5560635,5560635,5611467,50832,50832,50462,370,1,0
5632890,681,1,3027658,3027658,5632890,2605232,2605232,2604964,268,1,0
5636121,457,4,2059102,2059102,5636121,3577019,3577019,92507,3484512,2,0
5649635,429,4,2058878,2058878,5649635,3590757,3590757,1591159,1999598,5,0
5665783,679,1,3027651,3027651,5665783,2638132,2638132,2637872,260,1,0
5666449,718,1,3027852,3027852,5666449,2638597,2638597,2638381,216,1,0
5683687,995,2,5560655,5560655,5683687,123032,123032,22043,100989,1,0
5689147,455,4,2059079,2059079,5689147,3630068,3630068,184896,3445172,5,0
5709253,993,2,5560636,5560636,5709253,148617,148617,123027,25590,3,0
5770884,811,1,3028068,3028068,5770884,2742816,2742816,2210896,531920,4,0
5817417,93,2,960932,960932,5817417,4856485,4856485,4856485,0,0,0
5831840,293,1,1837987,1837987,5831840,3993853,3993853,3988184,5669,6,0
5832560,776,1,3027988,3027988,5832560,2804572,2804572,2626315,178257,2,0
5878231,818,1,3028081,3028081,5878231,2850150,2850150,2247952,602198,5,0
5978549,416,4,2058789,2058789,5978549,3919760,3919760,2390672,1529088,9,0
5997677,765,1,3027965,3027965,5997677,2969712,2969712,2841341,128371,2,0
5999118,991,2,5560622,5560622,5999118,438496,438496,438496,0,0,0
6016299,691,1,3027692,3027692,6016299,2988607,2988607,2988333,274,1,0
6025064,434,4,2058920,2058920,6025064,3966144,3966144,1626711,2339433,7,0
6046184,368,1,1838789,1838789,6046184,4207395,4207395,4195463,11932,3,0
6052640,456,2,2059091,2059091,6052640,3993549,3993549,3501891,491658,5,0
6071669,658,1,3027598,3027598,6071669,3044071,3044071,3043807,264,1,0
6102513,720,1,3027856,3027856,6102513,3074657,3074657,3074442,215,1,0
6106435,335,1,1838434,1838434,6106435,4268001,4268001,4256293,11708,3,0
6141013,1034,1,6032624,6032624,6141013,108389,108389,108389,0,0,0
6164767,1037,1,6032640,6032640,6164767,132127,132127,132127,0,0,0
6166267,1039,1,6032659,6032659,6166267,133608,133608,130747,2861,1,0
6193793,994,2,5560640,5560640,6193793,633153,633153,580610,52543,3,0
6225714,216,4,1730161,1730161,6225714,4495553,4495553,4492756,2797,1,0
6247815,178,2,961236,961236,6247815,5286579,5286579,5286579,0,0,0
6265379,464,4,2230184,2230184,6265379,4035195,4035195,225193,3810002,4,0
6270179,446,4,2059007,2059007,6270179,4211172,4211172,1090335,3120837,6,0
6312164,68,2,769058,769058,6312164,5543106,5543106,5543106,0,0,0
6352558,604,1,3027141,3027141,6352558,3325417,3325417,3323749,1668,2,0
6375346,470,4,2230205,2230205,6375346,4145141,4145141,25775,4119366,1,0
6385365,723,1,3027862,3027862,6385365,3357503,3357503,3352895,4608,3,0
6396696,435,4,2058929,2058929,6396696,4337767,4337767,1950472,2387295,9,0
6403671,184,2,961256,961256,6403671,5442415,5442415,5442415,0,0,0
6442927,311,1,1838162,1838162,6442927,4604765,4604765,4593214,11551,3,0
6442996,281,2,1829724,1829724,6442996,4613272,4613272,4243351,369921,7,0
6450808,792,1,3028029,3028029,6450808,3422779,3422779,3085903,336876,3,0
6452164,1040,1,6032665,6032665,6452164,419499,419499,413041,6458,2,0
6471495,472,4,2230212,2230212,6471495,4241283,4241283,77779,4163504,1,0
6549683,463,4,2230181,2230181,6549683,4319502,4319502,570569,3748933,2,0
6568693,107,2,960985,960985,6568693,5607708,5607708,5607708,0,0,0
6575103,476,4,2230226,2230226,6575103,4344877,4344877,28386,4316491,1,0
6583113,1124,2,6511338,6511338,6583113,71775,71775,19241,52534,1,0
6593068,477,4,2230229,2230229,6593068,4362839,4362839,20928,4341911,1,0
6606129,648,1,3027529,3027529,6606129,3578600,3578600,3576923,1677,2,0
6681950,188,2,961270,961270,6681950,5720680,5720680,5717927,2753,1,0
6710244,712,1,3027753,3027753,6710244,3682491,3682491,3680618,1873,2,0
6766134,234,2,1743075,1743075,6766134,5023059,5023059,5009646,13413,4,0
6780666,249,2,1743137,1743137,6780666,5037529,5037529,5023619,13910,4,0
6792813,480,4,2230241,2230241,6792813,4562572,4562572,15098,4547474,1,0
6795620,466,4,2230191,2230191,6795620,4565429,4565429,569259,3996170,2,0
6823046,623,1,3027274,3027274,6823046,3795772,3795772,3794107,1665,2,0
6872691,362,1,1838714,1838714,6872691,5033977,5033977,5022090,11887,3,0
6891031,319,1,1838258,1838258,6891031,5052773,5052773,5041181,11592,3,0
6904197,661,1,3027603,3027603,6904197,3876594,3876594,3874871,1723,2,0
6948566,387,1,1838994,1838994,6948566,5109572,5109572,5097508,12064,3,0
6990984,350,1,1838603,1838603,6990984,5152381,5152381,5140600,11781,3,0
7036790,474,4,2230219,2230219,7036790,4806571,4806571,584875,4221696,2,0
7037080,605,1,3027145,3027145,7037080,4009935,4009935,4008265,1670,2,0
7037362,475,4,2230222,2230222,7037362,4807140,4807140,561237,4245903,3,0
7048860,484,4,2230255,2230255,7048860,4818605,4818605,15007,4803598,1,0
7055722,482,4,2230248,2230248,7055722,4825474,4825474,263046,4562428,1,0
7101706,599,1,3027101,3027101,7101706,4074605,4074605,4072966,1639,2,0
7125053,483,4,2230252,2230252,7125053,4894801,4894801,223796,4671005,1,0
7136570,241,2,1743106,1743106,7136570,5393464,5393464,5379913,13551,4,0
7153253,257,2,1743187,1743187,7153253,5410066,5410066,5352141,57925,7,0
7157378,282,2,1829727,1829727,7157378,5327651,5327651,4886562,441089,6,0
7167463,316,1,1838230,1838230,7167463,5329233,5329233,5317669,11564,3,0
7213426,1125,2,6511344,6511344,7213426,702082,702082,632324,69758,2,0
7228923,1036,1,6032634,6032634,7228923,1196289,1196289,1192692,3597,1,0
7229051,442,4,2058959,2058959,7229051,5170092,5170092,2396202,2773890,10,0
7238728,803,1,3028053,3028053,7238728,4210675,4210675,3763461,447214,5,0
7245735,490,4,2230277,2230277,7245735,5015458,5015458,90586,4924872,2,0
7272871,1135,2,7184875,7184875,7272871,87996,87996,48755,39241,1,0
7282733,161,2,961178,961178,7282733,6321555,6321555,6321555,0,0,0
7347391,1136,2,7184879,7184879,7347391,162512,162512,79323,83189,1,0
7352038,1156,8,7351029,7351029,7352038,1009,1009,1009,0,0,0
7361445,441,4,2058955,2058955,7361445,5302490,5302490,2576355,2726135,9,0
7363829,1134,2,7184871,7184871,7363829,178958,178958,154045,24913,2,0
7378246,600,1,3027113,3027113,7378246,4351133,4351133,4349487,1646,2,0
7397185,1176,1,7363821,7363821,7397185,33364,33364,33360,4,1,0
7428291,659,1,3027599,3027599,7428291,4400692,4400692,4398980,1712,2,0
7460045,602,1,3027122,3027122,7460045,4432923,4432923,4431274,1649,2,0
7476879,491,4,2230280,2230280,7476879,5246599,5246599,249194,4997405,2,0
7500448,479,4,2230238,2230238,7500448,5270210,5270210,792011,4478199,2,0
7541062,213,2,961366,961366,7541062,6579696,6579696,6576909,2787,1,0
7543405,453,4,2059068,2059068,7543405,5484337,5484337,2127895,3356442,6,0
7579879,489,4,2230273,2230273,7579879,5349606,5349606,451773,4897833,3,0
7607797,1180,1,7363956,7363956,7607797,243841,243841,236751,7090,1,0
7624779,467,4,2230194,2230194,7624779,5394585,5394585,1378838,4015747,2,0
7645610,469,4,2230201,2230201,7645610,5415409,5415409,1377293,4038116,2,0
7694375,802,1,3028049,3028049,7694375,4666326,4666326,4219731,446595,6,0
7723942,817,1,3028079,3028079,7723942,4695863,4695863,4105939,589924,7,0
7861029,496,4,2230304,2230304,7861029,5630725,5630725,256120,5374605,1,0
7942319,773,1,3027984,3027984,7942319,4914335,4914335,4743023,171312,4,0
8147258,478,4,2230234,2230234,8147258,5917024,5917024,1550063,4366961,4,0
8155733,189,2,961273,961273,8155733,7194460,7194460,7191707,2753,1,0
8176987,1178,1,7363838,7363838,8176987,813149,813149,813049,100,1,0
8194626,329,1,1838366,1838366,8194626,6356260,6356260,6344586,11674,3,0
8199639,770,1,3027973,3027973,8199639,5171666,5171666,5011128,160538,4,0
8213411,1173,1,7363786,7363786,8213411,849625,849625,849621,4,1,0
8251557,686,1,3027677,3027677,8251557,5223880,5223880,5222121,1759,2,0
8314434,391,1,1839029,1839029,8314434,6475405,6475405,6459656,15749,5,0
8324420,1041,1,6032670,6032670,8324420,2291750,2291750,2284164,7586,3,0
8355929,764,1,3027961,3027961,8355929,5327968,5327968,5206422,121546,4,0
8366650,183,2,961253,961253,8366650,7405397,7405397,7405397,0,0,0
8433652,624,1,3027278,3027278,8433652,5406374,5406374,5404692,1682,2,0
8457708,1138,2,7184887,7184887,8457708,1272821,1272821,1048737,224084,4,0
8493827,1175,1,7363816,7363816,8493827,1130011,1130011,1130006,5,1,0
8513881,789,1,3028019,3028019,8513881,5485862,5485862,5164858,321004,4,0
8527928,791,1,3028025,3028025,8527928,5499903,5499903,5173315,326588,4,0
8550725,412,4,1911159,1911159,8550725,6639566,6639566,5082434,1557132,13,0
8563226,452,4,2059065,2059065,8563226,6504161,6504161,3156304,3347857,6,0
8585019,504,4,2230343,2230343,8585019,6354676,6354676,154216,6200460,1,0
8585058,505,4,2230346,2230346,8585058,6354712,6354712,74023,6280689,1,0
8588139,824,1,3028094,3028094,8588139,5560045,5560045,4880655,679390,7,0
8606362,657,1,3027595,3027595,8606362,5578767,5578767,5577055,1712,2,0
8619953,201,2,961315,961315,8619953,7658638,7658638,7655866,2772,1,0
8628276,206,2,961336,961336,8628276,7666940,7666940,7664165,2775,1,0
8664646,705,1,3027728,3027728,8664646,5636918,5636918,5635050,1868,2,0
8680666,813,1,3028071,3028071,8680666,5652595,5652595,5079055,573540,6,0
8794905,330,1,1838379,1838379,8794905,6956526,6956526,6944839,11687,3,0
8862496,510,4,2230367,2230367,8862496,6632129,6632129,245368,6386761,1,0
8866961,369,1,1838798,1838798,8866961,7028163,7028163,7016221,11942,3,0
8868633,511,4,2230371,2230371,8868633,6638262,6638262,206808,6431454,1,0
8892995,513,4,2230381,2230381,8892995,6662614,6662614,27173,6635441,1,0
8898625,245,2,1743121,1743121,8898625,7155504,7155504,7141668,13836,4,0
8907077,593,1,3027057,3027057,8907077,5880020,5880020,5878479,1541,2,0
8908490,1172,1,7363782,7363782,8908490,1544708,1544708,1544704,4,1,0
8963991,448,4,2059015,2059015,8963991,6904976,6904976,3659726,3245250,5,0
9024241,507,4,2230353,2230353,9024241,6793888,6793888,463854,6330034,1,0
9118857,352,1,1838619,1838619,9118857,7280238,7280238,7268451,11787,3,0
9175489,430,4,2058882,2058882,9175489,7116607,7116607,5029553,2087054,8,0
9254682,673,1,3027637,3027637,9254682,6227045,6227045,6225310,1735,2,0
9269055,485,4,2230258,2230258,9269055,7038797,7038797,2233469,4805328,2,0
9290188,358,1,1838680,1838680,9290188,7451508,7451508,7439686,11822,3,0
9317173,1031,1,6032585,6032585,9317173,3284588,3284588,3280732,3856,2,0
9344037,373,1,1838843,1838843,9344037,7505194,7505194,7493211,11983,3,0
9358936,515,4,2230391,2230391,9358936,7128545,7128545,463112,6665433,1,0
9380250,655,1,3027588,3027588,9380250,6352662,6352662,6350947,1715,2,0
9412339,517,4,2230398,2230398,9412339,7181941,7181941,390892,6791049,1,0
9420419,520,4,2230413,2230413,9420419,7190006,7190006,154143,7035863,1,0
9457885,473,4,2230215,2230215,9457885,7227670,7227670,3014085,4213585,3,0
9498047,77,4,810498,810498,9498047,8687549,8687549,8687549,0,0,0
9527882,78,4,810513,810513,9527882,8717369,8717369,8717369,0,0,0
9550977,150,2,961140,961140,9550977,8589837,8589837,8589837,0,0,0
9556731,52,4,510176,510176,9556731,9046555,9046555,9046555,0,0,0
9563249,525,4,2230435,2230435,9563249,7332814,7332814,108121,7224693,1,0
9586054,40,4,291309,291309,9586054,9294745,9294745,9294745,0,0,0
9612702,495,4,2230301,2230301,9612702,7382401,7382401,2035714,5346687,1,0
9627404,1140,2,7184900,7184900,9627404,2442504,2442504,2155307,287197,1,0
9628210,1032,1,6032613,6032613,9628210,3595597,3595597,3591741,3856,2,0
9629873,274,2,1829691,1829691,9629873,7800182,7800182,7629659,170523,8,0
9647919,532,4,2394731,2394731,9647919,7253188,7253188,23026,7230162,1,0
9668758,326,1,1838339,1838339,9668758,7830419,7830419,7818773,11646,3,0
9692113,1179,1,7363938,7363938,9692113,2328175,2328175,2328157,18,1,0
9756700,529,4,2394720,2394720,9756700,7361980,7361980,195973,7166007,1,0
9784667,523,4,2230424,2230424,9784667,7554243,7554243,375096,7179147,1,0
9812606,530,4,2394724,2394724,9812606,7417882,7417882,229070,7188812,1,0
9831922,806,1,3028059,3028059,9831922,6803863,6803863,6308479,495384,6,0
9835865,1137,2,7184883,7184883,9835865,2650982,2650982,2548996,101986,3,0
9876763,707,1,3027731,3027731,9876763,6849032,6849032,6847163,1869,2,0
9881735,512,4,2230378,2230378,9881735,7651357,7651357,1022053,6629304,1,0
9949142,123,2,961045,961045,9949142,8988097,8988097,8988097,0,0,0
9961758,271,2,1829671,1829671,9961758,8132087,8132087,8020533,111554,7,0
10010351,432,4,2058893,2058893,10010351,7951458,7951458,5766132,2185326,9,0
10104307,500,4,2230319,2230319,10104307,7873988,7873988,1959922,5914066,1,0
10148332,524,4,2230431,2230431,10148332,7917901,7917901,730674,7187227,1,0
10203080,540,4,2394763,2394763,10203080,7808317,7808317,256417,7551900,1,0
10209118,534,4,2394738,2394738,10209118,7814380,7814380,563703,7250677,1,0
10244629,187,2,961267,961267,10244629,9283362,9283362,9280612,2750,1,0
10258276,427,4,2058870,2058870,10258276,8199406,8199406,6236741,1962665,7,0
10263137,73,2,769100,769100,10263137,9494037,9494037,9494037,0,0,0
10291541,539,4,2394759,2394759,10291541,7896782,7896782,412289,7484493,1,0
10294955,531,4,2394727,2394727,10294955,7900228,7900228,684768,7215460,1,0
10426196,541,4,2394767,2394767,10426196,8031429,8031429,418320,7613109,1,0
10490572,644,1,3027492,3027492,10490572,7463080,7463080,7461438,1642,2,0
10502108,499,4,2230315,2230315,10502108,8271793,8271793,2643956,5627837,1,0
10536395,799,1,3028044,3028044,10536395,7508351,7508351,7074462,433889,6,0
10537659,551,4,2394804,2394804,10537659,8142855,8142855,37989,8104866,1,0
10545720,355,1,1838653,1838653,10545720,8707067,8707067,8695266,11801,3,0
10566952,639,1,3027388,3027388,10566952,7539564,7539564,7537896,1668,2,0
10579791,36,4,291278,291278,10579791,10288513,10288513,10288513,0,0,0
10661177,552,4,2394808,2394808,10661177,8266369,8266369,127216,8139153,1,0
10675821,542,4,2394771,2394771,10675821,8281050,8281050,573985,7707065,1,0
10714557,502,4,2230333,2230333,10714557,8484224,8484224,2517777,5966447,1,0
10723539,640,1,3027400,3027400,10723539,7696139,7696139,7694481,1658,2,0
10731318,595,1,3027069,3027069,10731318,7704249,7704249,7702689,1560,2,0
10750712,727,1,3027870,3027870,10750712,7722842,7722842,7718225,4617,3,0
10763497,436,4,2058934,2058934,10763497,8704563,8704563,6245570,2458993,10,0
10855064,443,4,2058968,2058968,10855064,8796096,8796096,5983690,2812406,12,0
10862745,449,4,2059019,2059019,10862745,8803726,8803726,5532127,3271599,5,0
10881356,324,1,1838312,1838312,10881356,9043044,9043044,9031425,11619,3,0
10883131,535,4,2394741,2394741,10883131,8488390,8488390,1128932,7359458,1,0
10902636,175,2,961225,961225,10902636,9941411,9941411,9941411,0,0,0
10928499,856,4,3721511,3721511,10928499,7206988,7206988,48265,7158723,1,0
10935400,689,1,3027688,3027688,10935400,7907712,7907712,7905942,1770,2,0
10962098,772,1,3027981,3027981,10962098,7934117,7934117,7770336,163781,4,0
11021656,458,4,2059105,2059105,11021656,8962551,8962551,5377425,3585126,5,0
11086343,345,1,1838551,1838551,11086343,9247792,9247792,9236024,11768,3,0
11105899,1174,1,7363790,7363790,11105899,3742109,3742109,3742083,26,1,0
11141993,176,2,961229,961229,11141993,10180764,10180764,10180764,0,0,0
11156516,1035,1,6032629,6032629,11156516,5123887,5123887,5119172,4715,2,0
11170381,855,4,3721507,3721507,11170381,7448874,7448874,310537,7138337,1,0
11178183,850,4,3721489,3721489,11178183,7456694,7456694,505281,6951413,1,0
11224934,861,4,3721529,3721529,11224934,7503405,7503405,57432,7445973,1,0
11231117,769,1,3027972,3027972,11231117,8203145,8203145,8049318,153827,4,0
11242686,795,1,3028033,3028033,11242686,8214653,8214653,7821038,393615,4,0
11250579,509,4,2230364,2230364,11250579,9020215,9020215,2668349,6351866,1,0
11256616,854,4,3721503,3721503,11256616,7535113,7535113,404457,7130656,1,0
11282955,860,4,3721525,3721525,11282955,7561430,7561430,179939,7381491,1,0
11296224,357,1,1838671,1838671,11296224,9457553,9457553,9445737,11816,3,0
11314892,506,4,2230350,2230350,11314892,9084542,9084542,2767009,6317533,1,0
11319933,90,4,810916,810916,11319933,10509017,10509017,10509017,0,0,0
11328765,851,4,3721493,3721493,11328765,7607272,7607272,617123,6990149,1,0
11353968,209,2,961346,961346,11353968,10392622,10392622,10389843,2779,1,0
11412603,868,4,3721559,3721559,11412603,7691044,7691044,100560,7590484,1,0
11422150,503,4,2230336,2230336,11422150,9191814,9191814,3100586,6091228,1,0
11428313,465,4,2230187,2230187,11428313,9198126,9198126,5269355,3928771,4,0
11456203,666,1,3027624,3027624,11456203,8428579,8428579,8426857,1722,2,0
11544822,874,4,3721586,3721586,11544822,7823236,7823236,119331,7703905,1,0
11569554,871,4,3721571,3721571,11569554,7847983,7847983,218423,7629560,1,0
11582070,878,4,3873009,3873009,11582070,7709061,7709061,15335,7693726,1,0
11586112,203,2,961325,961325,11586112,10624787,10624787,10622015,2772,1,0
11608084,553,4,2394811,2394811,11608084,9213273,9213273,1072856,8140417,1,0
11608396,880,4,3873036,3873036,11608396,7735360,7735360,3104,7732256,1,0
11643554,852,4,3721496,3721496,11643554,7922058,7922058,915148,7006910,1,0
11707154,881,4,3873089,3873089,11707154,7834065,7834065,101497,7732568,1,0
11713301,879,4,3873028,3873028,11713301,7840273,7840273,134031,7706242,1,0
11724840,516,4,2230395,2230395,11724840,9494445,9494445,2763646,6730799,1,0
11724919,885,4,3873106,3873106,11724919,7851813,7851813,2801,7849012,1,0
11734137,714,1,3027797,3027797,11734137,8706340,8706340,8704507,1833,2,0
11735978,883,4,3873097,3873097,11735978,7862881,7862881,31555,7831326,1,0
11790508,884,4,3873101,3873101,11790508,7917407,7917407,79934,7837473,1,0
11836251,400,2,1900669,1900669,11836251,9935582,9935582,9412937,522645,7,0
11887333,886,4,3890306,3890306,11887333,7997027,7997027,164215,7832812,1,0
11904131,94,2,960936,960936,11904131,10943195,10943195,10943195,0,0,0
11912567,887,4,3890310,3890310,11912567,8022257,8022257,181577,7840680,1,0
11938885,211,2,961356,961356,11938885,10977529,10977529,10974742,2787,1,0
11981289,493,4,2230287,2230287,11981289,9751002,9751002,4486083,5264919,2,0
11990362,891,4,3890327,3890327,11990362,8100035,8100035,89361,8010674,1,0
11998146,894,4,3890341,3890341,11998146,8107805,8107805,10900,8096905,1,0
12007953,893,4,3890336,3890336,12007953,8117617,8117617,29785,8087832,1,0
12106294,882,4,3873093,3873093,12106294,8233201,8233201,465475,7767726,1,0
12182411,866,4,3721552,3721552,12182411,8460859,8460859,928651,7532208,1,0
12199787,173,2,961218,961218,12199787,11238569,11238569,11238569,0,0,0
12224959,250,2,1743140,1743140,12224959,10481819,10481819,10444677,37142,7,0
12254065,877,4,3873005,3873005,12254065,8381060,8381060,712066,7668994,1,0
12267103,103,2,960971,960971,12267103,11306132,11306132,11306132,0,0,0
12316501,857,4,3721514,3721514,12316501,8594987,8594987,1416759,7178228,1,0
12367593,859,4,3721522,3721522,12367593,8646071,8646071,1348823,7297248,1,0
12372907,909,4,4343680,4343680,12372907,8029227,8029227,8167,8021060,1,0
12403132,236,2,1743083,1743083,12403132,10660049,10660049,10646591,13458,4,0
12404242,897,4,3916170,3916170,12404242,8488072,8488072,300821,8187251,1,0
12423887,849,4,3721485,3721485,12423887,8702402,8702402,1765633,6936769,1,0
12461809,898,4,3916185,3916185,12461809,8545624,8545624,282256,8263368,1,0
12473079,911,4,4348474,4348474,12473079,8124605,8124605,70811,8053794,1,0
12540240,913,4,4387854,4387854,12540240,8152386,8152386,118596,8033790,1,0
12543737,914,4,4387864,4387864,12543737,8155873,8155873,84161,8071712,1,0
12576049,916,4,4390118,4390118,12576049,8185931,8185931,38666,8147265,1,0
12591029,917,4,4442540,4442540,12591029,8148489,8148489,49328,8099161,1,0
12615469,910,4,4348460,4348460,12615469,8267009,8267009,244550,8022459,1,0
12637177,918,4,4442544,4442544,12637177,8194633,8194633,63160,8131473,1,0
12656633,544,4,2394778,2394778,12656633,10261855,10261855,2456017,7805838,1,0
12675309,48,4,343968,343968,12675309,12331341,12331341,12331341,0,0,0
12714434,683,1,3027666,3027666,12714434,9686768,9686768,9685005,1763,2,0
12768248,222,4,1730215,1730215,12768248,11038033,11038033,9883630,1154403,10,0
12886133,896,4,3916165,3916165,12886133,8969968,8969968,881058,8088910,1,0
12919570,518,4,2230401,2230401,12919570,10689169,10689169,3803504,6885665,1,0
12945724,908,4,4343676,4343676,12945724,8602048,8602048,632080,7969968,1,0
12952258,927,4,4491980,4491980,12952258,8460278,8460278,9423,8450855,1,0
12954141,928,4,4491981,4491981,12954141,8462160,8462160,4771,8457389,1,0
12962007,99,2,960956,960956,12962007,12001051,12001051,12001051,0,0,0
12972661,895,4,3916158,3916158,12972661,9056503,9056503,977400,8079103,1,0
12978460,931,4,4491995,4491995,12978460,8486465,8486465,8673,8477792,1,0
12987638,754,1,3027930,3027930,12987638,9959708,9959708,9900317,59391,4,0
12997932,462,4,2230177,2230177,12997932,10767755,10767755,7178929,3588826,3,0
13019742,678,1,3027647,3027647,13019742,9992095,9992095,9990354,1741,2,0
13060258,920,4,4442557,4442557,13060258,8617701,8617701,446808,8170893,1,0
13076693,889,4,3890317,3890317,13076693,9186376,9186376,1289325,7897051,1,0
13080518,545,4,2394782,2394782,13080518,10685736,10685736,2873860,7811876,1,0
13095481,863,4,3721537,3721537,13095481,9373944,9373944,1873418,7500526,1,0
13106007,370,1,1838817,1838817,13106007,11267190,11267190,11255223,11967,3,0
13118451,932,4,4492004,4492004,13118451,8626447,8626447,142856,8483591,1,0
13142900,935,4,4492021,4492021,13142900,8650879,8650879,69055,8581824,1,0
13163593,899,4,3916188,3916188,13163593,9247405,9247405,966661,8280744,1,0
13179922,933,4,4492011,4492011,13179922,8687911,8687911,184848,8503063,1,0
13201858,858,4,3721518,3721518,13201858,9480340,9480340,2276249,7204091,1,0
13207613,325,1,1838320,1838320,13207613,11369293,11369293,11357669,11624,3,0
13255741,694,1,3027709,3027709,13255741,10228032,10228032,10226242,1790,2,0
13265128,943,4,4496509,4496509,13265128,8768619,8768619,65592,8703027,1,0
13292794,936,4,4496481,4496481,13292794,8796313,8796313,214626,8581687,1,0
13303401,944,4,4496513,4496513,13303401,8806888,8806888,40591,8766297,1,0
13328446,892,4,3890331,3890331,13328446,9438115,9438115,1419005,8019110,1,0
13350935,230,2,1743056,1743056,13350935,11607879,11607879,11594602,13277,4,0
13371697,921,4,4442561,4442561,13371697,8929136,8929136,736535,8192601,1,0
13377086,919,4,4442549,4442549,13377086,8934537,8934537,788084,8146453,1,0
13382372,950,4,4524588,4524588,13382372,8857784,8857784,8172,8849612,1,0
13388161,951,4,4524591,4524591,13388161,8863570,8863570,8672,8854898,1,0
13393334,1171,1,7363777,7363777,13393334,6029557,6029557,6029552,5,1,0
13393384,949,4,4524584,4524584,13393384,8868800,8868800,24577,8844223,1,0
13426029,938,4,4496489,4496489,13426029,8929540,8929540,322364,8607176,1,0
13430090,954,4,4524626,4524626,13430090,8905464,8905464,6909,8898555,1,0
13441399,136,2,961089,961089,13441399,12480310,12480310,12480310,0,0,0
13442669,925,4,4443293,4443293,13442669,8999376,8999376,559298,8440078,1,0
13481255,956,4,4760845,4760845,13481255,8720410,8720410,41490,8678920,1,0
13524512,940,4,4496497,4496497,13524512,9028015,9028015,383946,8644069,1,0
13572511,239,2,1743099,1743099,13572511,11829412,11829412,11815905,13507,4,0
13580706,959,4,4760871,4760871,13580706,8819835,8819835,11073,8808762,1,0
13590735,590,1,3027031,3027031,13590735,10563704,10563704,10562162,1542,2,0
13624204,960,4,4760876,4760876,13624204,8863328,8863328,46371,8816957,1,0
13629616,468,4,2230198,2230198,13629616,11399418,11399418,7366107,4033311,2,0
13647199,962,4,4869521,4869521,13647199,8777678,8777678,19885,8757793,1,0
13670479,872,4,3721578,3721578,13670479,9948901,9948901,2260706,7688195,1,0
13712028,957,4,4760855,4760855,13712028,8951173,8951173,233667,8717506,1,0
13716272,941,4,4496501,4496501,13716272,9219771,9219771,555009,8664762,1,0
13725665,890,4,3890323,3890323,13725665,9835342,9835342,1841466,7993876,1,0
13748942,548,4,2394792,2394792,13748942,11354150,11354150,3459851,7894299,1,0
13770432,966,4,4869540,4869540,13770432,8900892,8900892,56443,8844449,1,0
13785849,231,2,1743063,1743063,13785849,12042786,12042786,12029384,13402,4,0
13790960,88,4,810624,810624,13790960,12980336,12980336,12980336,0,0,0
13828931,969,4,4869959,4869959,13828931,8958972,8958972,60363,8898609,1,0
13909685,970,4,4869963,4869963,13909685,9039722,9039722,125696,8914026,1,0
13926941,973,4,4869973,4869973,13926941,9056968,9056968,19106,9037862,1,0
13938858,459,4,2059109,2059109,13938858,11879749,11879749,8284086,3595663,4,0
13963169,437,4,2058938,2058938,13963169,11904231,11904231,9354512,2549719,10,0
13972415,965,4,4869535,4869535,13972415,9102880,9102880,262675,8840205,1,0
13979817,961,4,4760908,4760908,13979817,9218909,9218909,358454,8860455,1,0
14000007,471,4,2230208,2230208,14000007,11769799,11769799,7623810,4145989,3,0
14005477,977,4,4869989,4869989,14005477,9135488,9135488,34896,9100592,1,0
14094413,953,4,4524620,4524620,14094413,9569793,9569793,703883,8865910,1,0
14103162,981,4,4871827,4871827,14103162,9231335,9231335,11613,9219722,1,0
14114177,982,4,4925426,4925426,14114177,9188751,9188751,13911,9174840,1,0
14114664,526,4,2230439,2230439,14114664,11884225,11884225,4619370,7264855,1,0
14130274,974,4,4869978,4869978,14130274,9260296,9260296,205178,9055118,1,0
14156115,978,4,4869992,4869992,14156115,9286123,9286123,178129,9107994,1,0
14218884,922,4,4442565,4442565,14218884,9776319,9776319,1564262,8212057,1,0
14237628,888,4,3890313,3890313,14237628,10347315,10347315,2504794,7842521,1,0
14243593,980,4,4871823,4871823,14243593,9371770,9371770,240984,9130786,1,0
14263266,975,4,4869981,4869981,14263266,9393285,9393285,326250,9067035,1,0
14266289,546,4,2394785,2394785,14266289,11871504,11871504,4024117,7847387,1,0
14283895,990,4,5451075,5451075,14283895,8832820,8832820,23494,8809326,1,0
14335048,870,4,3721566,3721566,14335048,10613482,10613482,3009125,7604357,1,0
14361833,947,4,4496532,4496532,14361833,9865301,9865301,1035686,8829615,1,0
14399549,988,4,5212918,5212918,14399549,9186631,9186631,164651,9021980,1,0
14408154,742,1,3027900,3027900,14408154,11380254,11380254,11375593,4661,3,0
14432180,784,1,3028008,3028008,14432180,11404172,11404172,11137876,266296,4,0
14438840,744,1,3027906,3027906,14438840,11410934,11410934,11406248,4686,3,0
14462254,536,4,2394749,2394749,14462254,12067505,12067505,4680080,7387425,1,0
14523207,937,4,4496485,4496485,14523207,10026722,10026722,1430072,8596650,1,0
14658706,164,2,961188,961188,14658706,13697518,13697518,13697518,0,0,0
14659704,926,4,4443298,4443298,14659704,10216406,10216406,1742891,8473515,1,0
14694213,743,1,3027903,3027903,14694213,11666310,11666310,11661639,4671,3,0
14708586,979,4,4869996,4869996,14708586,9838590,9838590,710406,9128184,1,0
14713271,989,4,5212922,5212922,14713271,9500349,9500349,472404,9027945,1,0
14738398,999,4,5564813,5564813,14738398,9173585,9173585,405948,8767637,1,0
14770483,158,2,961168,961168,14770483,13809315,13809315,13809315,0,0,0
14789559,1006,4,5564836,5564836,14789559,9224723,9224723,83548,9141175,1,0
14919973,987,4,5212903,5212903,14919973,9707070,9707070,703834,9003236,1,0
14944265,1177,1,7363825,7363825,14944265,7580440,7580440,7580427,13,1,0
14988462,185,2,961259,961259,14988462,14027203,14027203,14027203,0,0,0
14997580,767,1,3027969,3027969,14997580,11969611,11969611,11835233,134378,4,0
14998757,1011,4,5640888,5640888,14998757,9357869,9357869,81778,9276091,1,0
15064749,945,4,4496519,4496519,15064749,10568230,10568230,1774267,8793963,1,0
15066293,717,1,3027850,3027850,15066293,12038443,12038443,12036657,1786,2,0
15097375,778,1,3027993,3027993,15097375,12069382,12069382,11870304,199078,4,0
15101090,986,4,5212828,5212828,15101090,9888262,9888262,947795,8940467,1,0
15101141,190,2,961277,961277,15101141,14139864,14139864,14137107,2757,1,0
15140955,528,4,2394716,2394716,15140955,12746239,12746239,5586750,7159489,1,0
15203079,1010,4,5640886,5640886,15203079,9562193,9562193,416516,9145677,1,0
15204648,1014,4,5640943,5640943,15204648,9563705,9563705,142838,9420867,1,0
15240340,1015,4,5640945,5640945,15240340,9599395,9599395,142187,9457208,1,0
15248259,487,4,2230265,2230265,15248259,13017994,13017994,8189519,4828475,3,0
15260642,340,1,1838492,1838492,15260642,13422150,13422150,13410412,11738,3,0
15277714,983,4,4925447,4925447,15277714,10352267,10352267,1166412,9185855,1,0
15310387,984,4,4925477,4925477,15310387,10384910,10384910,1198568,9186342,1,0
15350965,1022,4,5641116,5641116,15350965,9709849,9709849,76017,9633832,1,0
15352274,331,1,1838389,1838389,15352274,13513885,13513885,13502189,11696,3,0
15365366,930,4,4491994,4491994,15365366,10873372,10873372,2406234,8467138,1,0
15426840,924,4,4442572,4442572,15426840,10984268,10984268,2660596,8323672,1,0
15448486,403,2,1900746,1900746,15448486,13547740,13547740,12958633,589107,7,0
15500728,1026,4,5654163,5654163,15500728,9846565,9846565,76758,9769807,1,0
15520429,244,2,1743118,1743118,15520429,13777311,13777311,13763490,13821,4,0
15521162,948,4,4497410,4497410,15521162,11023752,11023752,2173092,8850660,1,0
15528887,481,4,2230245,2230245,15528887,13298642,13298642,8737874,4560768,2,0
15549290,939,4,4496493,4496493,15549290,11052797,11052797,2433177,8619620,1,0
15588587,976,4,4869985,4869985,15588587,10718602,10718602,1627256,9091346,1,0
15596520,204,2,961329,961329,15596520,14635191,14635191,14632416,2775,1,0
15602203,1044,4,6243278,6243278,15602203,9358925,9358925,7981,9350944,1,0
15611575,431,4,2058890,2058890,15611575,13552685,13552685,11426516,2126169,8,0
15645606,662,1,3027607,3027607,15645606,12617999,12617999,12616278,1721,2,0
15730852,51,4,343999,343999,15730852,15386853,15386853,15386853,0,0,0
15747462,972,4,4869970,4869970,15747462,10877492,10877492,1920384,8957108,1,0
15783692,864,4,3721545,3721545,15783692,12062147,12062147,4555438,7506709,1,0
15792029,952,4,4524606,4524606,15792029,11267423,11267423,2406736,8860687,1,0
15795690,1048,4,6243329,6243329,15795690,9552361,9552361,50475,9501886,1,0
15795986,1017,4,5641071,5641071,15795986,10154915,10154915,657842,9497073,1,0
15806059,964,4,4869530,4869530,15806059,10936529,10936529,2137873,8798656,1,0
15819925,985,4,5020124,5020124,15819925,10799801,10799801,1692516,9107285,1,0
15832958,955,4,4738023,4738023,15832958,11094935,11094935,2405733,8689202,1,0
15862855,1139,2,7184896,7184896,15862855,8677959,8677959,8390770,287189,2,0
15865828,1053,4,6243404,6243404,15865828,9622424,9622424,61941,9560483,1,0
15882603,942,4,4496505,4496505,15882603,11386098,11386098,2705007,8681091,1,0
15910749,221,4,1730202,1730202,15910749,14180547,14180547,13116159,1064388,11,0
16091767,1050,4,6243360,6243360,16091767,9848407,9848407,301954,9546453,1,0
16109306,277,2,1829702,1829702,16109306,14279604,14279604,14004745,274859,8,0
16141971,862,4,3721533,3721533,16141971,12420438,12420438,4966663,7453775,1,0
16145108,929,4,4491989,4491989,16145108,11653119,11653119,3193847,8459272,1,0
16149475,1029,4,5654178,5654178,16149475,10495297,10495297,631168,9864129,1,0
16175274,1061,4,6243525,6243525,16175274,9931749,9931749,35354,9896395,1,0
16200952,1028,4,5654174,5654174,16200952,10546778,10546778,703083,9843695,1,0
16201522,514,4,2230385,2230385,16201522,13971137,13971137,7311334,6659803,1,0
16219944,1013,4,5640921,5640921,16219944,10579023,10579023,1224148,9354875,1,0
16236631,1067,4,6243598,6243598,16236631,9993033,9993033,18665,9974368,1,0
16241800,1068,4,6243609,6243609,16241800,9998191,9998191,7136,9991055,1,0
16249523,1069,4,6243620,6243620,16249523,10005903,10005903,9679,9996224,1,0
16259832,1046,4,6243298,6243298,16259832,10016534,10016534,650535,9365999,1,0
16303773,1065,4,6243576,6243576,16303773,10060197,10060197,104821,9955376,1,0
16322405,1020,4,5641096,5641096,16322405,10681309,10681309,1084851,9596458,1,0
16348751,1016,4,5641064,5641064,16348751,10707687,10707687,1250428,9457259,1,0
16387623,751,1,3027923,3027923,16387623,13359700,13359700,13302256,57444,4,0
16388463,1072,4,6243657,6243657,16388463,10144806,10144806,86609,10058197,1,0
16406815,1059,4,6243502,6243502,16406815,10163313,10163313,317122,9846191,1,0
16412744,207,2,961339,961339,16412744,15451405,15451405,15448626,2779,1,0
16460299,1077,4,6243734,6243734,16460299,10216565,10216565,49397,10167168,1,0
16474404,1078,4,6243744,6243744,16474404,10230660,10230660,15937,10214723,1,0
16497176,1079,4,6243756,6243756,16497176,10253420,10253420,24592,10228828,1,0
16509788,1070,4,6243632,6243632,16509788,10266156,10266156,262209,10003947,1,0
16523412,1076,4,6243723,6243723,16523412,10279689,10279689,118450,10161239,1,0
16549646,1081,4,6243778,6243778,16549646,10305868,10305868,43006,10262862,1,0
16558993,428,4,2058874,2058874,16558993,14500119,14500119,12514537,1985582,7,0
16562765,1056,4,6243436,6243436,16562765,10319329,10319329,699077,9620252,1,0
16569815,1084,4,6243823,6243823,16569815,10325992,10325992,13925,10312067,1,0
16613696,710,1,3027739,3027739,16613696,13585957,13585957,13584084,1873,2,0
16770991,1082,4,6243789,6243789,16770991,10527202,10527202,250716,10276486,1,0
16772639,1063,4,6243545,6243545,16772639,10529094,10529094,625195,9903899,1,0
16832423,1007,4,5564838,5564838,16832423,11267585,11267585,2121725,9145860,1,0
16874873,543,4,2394774,2394774,16874873,14480099,14480099,6729009,7751090,1,0
16942687,900,4,3916193,3916193,16942687,13026494,13026494,4691472,8335022,1,0
16963314,1091,4,6243915,6243915,16963314,10719399,10719399,23638,10695761,1,0
17021290,374,1,1838858,1838858,17021290,15182432,15182432,15170441,11991,3,0
17025803,1086,4,6243849,6243849,17025803,10781954,10781954,459065,10322889,1,0
17060652,1080,4,6243767,6243767,17060652,10816885,10816885,565285,10251600,1,0
17085436,1057,4,6243446,6243446,17085436,10841990,10841990,1204963,9637027,1,0
17085901,1019,4,5641080,5641080,17085901,11444821,11444821,1884055,9560766,1,0
17173153,1000,4,5564814,5564814,17173153,11608339,11608339,2813917,8794422,1,0
17194970,869,4,3721563,3721563,17194970,13473407,13473407,5877882,7595525,1,0
17206188,1089,4,6243883,6243883,17206188,10962305,10962305,376808,10585497,1,0
17224480,1083,4,6243812,6243812,17224480,10980668,10980668,677948,10302720,1,0
17227028,127,2,961058,961058,17227028,16265970,16265970,16265970,0,0,0
17245223,1097,4,6243996,6243996,17245223,11001227,11001227,75000,10926227,1,0
17247261,1098,4,6244006,6244006,17247261,11003255,11003255,55211,10948044,1,0
17282022,1099,4,6244017,6244017,17282022,11038005,11038005,78743,10959262,1,0
17286523,1102,4,6244057,6244057,17286523,11042466,11042466,44169,10998297,1,0
17316606,1071,4,6243644,6243644,17316606,11072962,11072962,1058706,10014256,1,0
17328407,1001,4,5564815,5564815,17328407,11763592,11763592,2931454,8832138,1,0
17366802,1096,4,6243986,6243986,17366802,11122816,11122816,283841,10838975,1,0
17384177,1093,4,6243936,6243936,17384177,11140241,11140241,361364,10778877,1,0
17430032,645,1,3027511,3027511,17430032,14402521,14402521,14400888,1633,2,0
17459248,1024,4,5654154,5654154,17459248,11805094,11805094,2111162,9693932,1,0
17479652,934,4,4492019,4492019,17479652,12987633,12987633,4422244,8565389,1,0
17555327,971,4,4869966,4869966,17555327,12685361,12685361,3766224,8919137,1,0
17570504,1075,4,6243713,6243713,17570504,11326791,11326791,1183904,10142887,1,0
17587514,1074,4,6243703,6243703,17587514,11343811,11343811,1240636,10103175,1,0
17636729,1101,4,6244037,6244037,17636729,11392692,11392692,412590,10980102,1,0
17639513,1023,4,5654150,5654150,17639513,11985363,11985363,2332009,9653354,1,0
17671279,390,1,1839020,1839020,17671279,15832259,15832259,15817742,14517,4,0
17687399,550,4,2394800,2394800,17687399,15292599,15292599,7263645,8028954,1,0
17718676,663,1,3027610,3027610,17718676,14691066,14691066,14689346,1720,2,0
17758127,1100,4,6244027,6244027,17758127,11514100,11514100,536546,10977554,1,0
17762503,114,2,961011,961011,17762503,16801492,16801492,16801492,0,0,0
17774484,115,2,961015,961015,17774484,16813469,16813469,16813469,0,0,0
17775298,1051,4,6243370,6243370,17775298,11531928,11531928,1981814,9550114,1,0
17808901,1120,4,6244319,6244319,17808901,11564582,11564582,36210,11528372,1,0
17825279,1110,4,6244139,6244139,17825279,11581140,11581140,368818,11212322,1,0
17828125,1113,4,6244190,6244190,17828125,11583935,11583935,260357,11323578,1,0
17834578,1117,4,6244249,6244249,17834578,11590329,11590329,149856,11440473,1,0
17851739,963,4,4869525,4869525,17851739,12982214,12982214,4206838,8775376,1,0
17851906,1126,4,6665528,6665528,17851906,11186378,11186378,20193,11166185,1,0
17879967,1094,4,6243946,6243946,17879967,11636021,11636021,822295,10813726,1,0
17906704,537,4,2394752,2394752,17906704,15511952,15511952,8096588,7415364,1,0
17940775,1129,4,6691730,6691730,17940775,11249045,11249045,63587,11185458,1,0
17951399,1049,4,6243350,6243350,17951399,11708049,11708049,2169933,9538116,1,0
17960796,1087,4,6243861,6243861,17960796,11716935,11716935,1192870,10524065,1,0
17980070,549,4,2394796,2394796,17980070,15585274,15585274,7687561,7897713,1,0
18010988,1119,4,6244298,6244298,18010988,11766690,11766690,251113,11515577,1,0
18016160,486,4,2230262,2230262,18016160,15785898,15785898,10969072,4816826,2,0
18066048,618,1,3027241,3027241,18066048,15038807,15038807,15037118,1689,2,0
18090744,557,8,2762365,2762365,18090744,15328379,15328379,25761,15302618,1,0
18103526,1062,4,6243535,6243535,18103526,11859991,11859991,1960459,9899532,1,0
18119783,1121,4,6244328,6244328,18119783,11875455,11875455,313480,11561975,1,0
18130493,1088,4,6243872,6243872,18130493,11886621,11886621,1360908,10525713,1,0
18165104,1052,4,6243393,6243393,18165104,11921711,11921711,2371301,9550410,1,0
18165437,561,8,2764715,2764715,18165437,15400722,15400722,2011,15398711,1,0
18185968,1111,4,6244148,6244148,18185968,11941820,11941820,709094,11232726,1,0
18187731,867,4,3721556,3721556,18187731,14466175,14466175,6907628,7558547,1,0
18226028,1131,4,6691799,6691799,18226028,11534229,11534229,287963,11246266,1,0
18233126,687,1,3027680,3027680,18233126,15205446,15205446,15203688,1758,2,0
18234056,109,2,960993,960993,18234056,17273063,17273063,17273063,0,0,0
18235236,690,1,3027690,3027690,18235236,15207546,15207546,15205752,1794,2,0
18308340,1018,4,5641074,5641074,18308340,12667266,12667266,3108069,9559197,1,0
18308443,558,8,2762366,2762366,18308443,15546077,15546077,218763,15327314,1,0
18331431,565,8,2764735,2764735,18331431,15566696,15566696,24646,15542050,1,0
18332007,750,1,3027923,3027923,18332007,15304084,15304084,15251975,52109,3,0
18343828,1141,4,7350124,7350124,18343828,10993704,10993704,384946,10608758,1,0
18347833,1114,4,6244210,6244210,18347833,12103623,12103623,763035,11340588,1,0
18384424,555,8,2762344,2762344,18384424,15622080,15622080,374522,15247558,1,0
18385585,568,8,2764803,2764803,18385585,15620782,15620782,2751,15618031,1,0
18402546,997,4,5564794,5564794,18402546,12837752,12837752,4138874,8698878,1,0
18422026,569,8,2764860,2764860,18422026,15657166,15657166,37974,15619192,1,0
18462545,571,8,2778451,2778451,18462545,15684094,15684094,42079,15642015,1,0
18481536,564,8,2764726,2764726,18481536,15716810,15716810,247967,15468843,1,0
18493242,559,8,2762367,2762367,18493242,15730875,15730875,374522,15356353,1,0
18512357,1107,4,6244107,6244107,18512357,12268250,12268250,1186769,11081481,1,0
18512596,1116,4,6244240,6244240,18512596,12268356,12268356,875769,11392587,1,0
18519901,1109,4,6244129,6244129,18519901,12275772,12275772,1138521,11137251,1,0
18541655,574,8,2787624,2787624,18541655,15754031,15754031,49314,15704717,1,0
18562227,575,8,2787660,2787660,18562227,15774567,15774567,50604,15723963,1,0
18574500,1003,4,5564821,5564821,18574500,13009679,13009679,4053883,8955796,1,0
18577286,577,8,2788528,2788528,18577286,15788758,15788758,16393,15772365,1,0
18612325,579,8,2831118,2831118,18612325,15781207,15781207,36629,15744578,1,0
18637348,567,8,2764786,2764786,18637348,15872562,15872562,295127,15577435,1,0
18647208,578,8,2831097,2831097,18647208,15816111,15816111,74319,15741792,1,0
18647350,582,8,2842990,2842990,18647350,15804360,15804360,1685,15802675,1,0
18653809,583,8,2866521,2866521,18653809,15787288,15787288,7781,15779507,1,0
18664123,1128,4,6691705,6691705,18664123,11972418,11972418,815021,11157397,1,0
18707031,563,8,2764723,2764723,18707031,15942308,15942308,520970,15421338,1,0
18722002,581,8,2831155,2831155,18722002,15890847,15890847,86207,15804640,1,0
18743113,562,8,2764717,2764717,18743113,15978396,15978396,579352,15399044,1,0
18759832,958,4,4760861,4760861,18759832,13998971,13998971,5238208,8760763,1,0
18790217,576,8,2788525,2788525,18790217,16001692,16001692,249899,15751793,1,0
18809573,1025,4,5654159,5654159,18809573,13155414,13155414,3447081,9708333,1,0
18873830,903,8,4131053,4131053,18873830,14742777,14742777,85178,14657599,1,0
18878373,1092,4,6243924,6243924,18878373,12634449,12634449,1918061,10716388,1,0
18883985,905,8,4217249,4217249,18883985,14666736,14666736,7177,14659559,1,0
18885660,1060,4,6243513,6243513,18885660,12642147,12642147,2778417,9863730,1,0
18902167,84,4,810573,810573,18902167,18091594,18091594,18091594,0,0,0
18903489,912,8,4349687,4349687,18903489,14553802,14553802,2887,14550915,1,0
18918802,901,8,4047477,4047477,18918802,14871325,14871325,160535,14710790,1,0
18922420,1143,8,7350869,7350869,18922420,11571551,11571551,4583,11566968,1,0
18963136,906,8,4301307,4301307,18963136,14661829,14661829,80716,14581113,1,0
18967010,1145,8,7350880,7350880,18967010,11616130,11616130,4828,11611302,1,0
18967328,1095,4,6243966,6243966,18967328,12723362,12723362,1884852,10838510,1,0
19002891,1090,4,6243906,6243906,19002891,12758985,12758985,2131038,10627947,1,0
19003365,1147,8,7350898,7350898,19003365,11652467,11652467,1410,11651057,1,0
19007995,1146,8,7350891,7350891,19007995,11657104,11657104,41928,11615176,1,0
19013310,1149,8,7350914,7350914,19013310,11662396,11662396,6235,11656161,1,0
19033120,1118,4,6244268,6244268,19033120,12788852,12788852,1277651,11511201,1,0
19035520,591,1,3027043,3027043,19035520,16008477,16008477,16006929,1548,2,0
19036071,1148,8,7350909,7350909,19036071,11685162,11685162,33631,11651531,1,0
19041228,1150,8,7350920,7350920,19041228,11690308,11690308,28832,11661476,1,0
19041317,1152,8,7351008,7351008,19041317,11690309,11690309,1119,11689190,1,0
19042183,1153,8,7351013,7351013,19042183,11691170,11691170,1891,11689279,1,0
19091640,1085,4,6243835,6243835,19091640,12847805,12847805,2531966,10315839,1,0
19092196,1155,8,7351023,7351023,19092196,11741173,11741173,1571,11739602,1,0
19143179,1027,4,5654167,5654167,19143179,13489012,13489012,3697559,9791453,1,0
19175721,95,2,960939,960939,19175721,18214782,18214782,18214782,0,0,0
19176717,1158,8,7351039,7351039,19176717,11825678,11825678,1995,11823683,1,0
19180836,1159,8,7351045,7351045,19180836,11829791,11829791,5112,11824679,1,0
19230209,573,8,2778479,2778479,19230209,16451730,16451730,750205,15701525,1,0
19254863,1161,8,7351055,7351055,19254863,11903808,11903808,25637,11878171,1,0
19259103,1151,8,7351003,7351003,19259103,11908100,11908100,224067,11684033,1,0
19266813,1163,8,7351065,7351065,19266813,11915748,11915748,8683,11907065,1,0
19270137,1164,8,7351071,7351071,19270137,11919066,11919066,4291,11914775,1,0
19314743,1142,8,7350492,7350492,19314743,11964251,11964251,412240,11552011,1,0
19343637,1166,8,7351081,7351081,19343637,11992556,11992556,29851,11962705,1,0
19350014,587,8,3011382,3011382,19350014,16338632,16338632,608466,15730166,1,0
19350649,1112,4,6244159,6244159,19350649,13106490,13106490,1798089,11308401,1,0
19356492,1168,8,7351091,7351091,19356492,12005401,12005401,7425,11997976,1,0
19380023,1167,8,7351086,7351086,19380023,12028937,12028937,37338,11991599,1,0
19405488,1160,8,7351050,7351050,19405488,12054438,12054438,225640,11828798,1,0
19419470,1157,8,7351034,7351034,19419470,12068436,12068436,328278,11740158,1,0
19428142,572,8,2778466,2778466,19428142,16649676,16649676,967142,15682534,1,0
19455043,731,1,3027877,3027877,19455043,16427166,16427166,16422529,4637,3,0
19501169,631,1,3027329,3027329,19501169,16473840,16473840,16472151,1689,2,0
19514827,1154,8,7351019,7351019,19514827,12163808,12163808,473663,11690145,1,0
19541054,1169,8,7351095,7351095,19541054,12189959,12189959,185505,12004454,1,0
19567618,1170,8,7351101,7351101,19567618,12216517,12216517,188532,12027985,1,0
19580159,626,1,3027290,3027290,19580159,16552869,16552869,16551178,1691,2,0
19770628,1162,8,7351060,7351060,19770628,12419568,12419568,516743,11902825,1,0
19773050,1165,8,7351076,7351076,19773050,12421974,12421974,503875,11918099,1,0
19799248,747,1,3027915,3027915,19799248,16771333,16771333,16766349,4984,3,0
19816788,1108,4,6244118,6244118,19816788,13572670,13572670,2452794,11119876,1,0
19825800,1106,4,6244096,6244096,19825800,13581704,13581704,2512024,11069680,1,0
20060028,166,2,961194,961194,20060028,19098834,19098834,19098834,0,0,0
20068058,1144,8,7350875,7350875,20068058,12717183,12717183,1146597,11570586,1,0
20098560,580,8,2831121,2831121,20098560,17267439,17267439,1487822,15779617,1,0
20121784,1105,4,6244087,6244087,20121784,13877697,13877697,2838100,11039597,1,0
20337809,1132,4,6691803,6691803,20337809,13646006,13646006,2389116,11256890,1,0
20401725,1103,4,6244067,6244067,20401725,14157658,14157658,3157323,11000335,1,0
20437601,1042,4,6077631,6077631,20437601,14359970,14359970,4891184,9468786,1,0
20501294,865,4,3721548,3721548,20501294,16779746,16779746,9253575,7526171,1,0
20505589,586,8,2944809,2944809,20505589,17560780,17560780,1785152,15775628,1,0
20575719,584,8,2867843,2867843,20575719,17707876,17707876,1923475,15784401,1,0
20588025,612,1,3027177,3027177,20588025,17560848,17560848,17559148,1700,2,0
20612466,853,4,3721500,3721500,20612466,16890966,16890966,9851877,7039089,1,0
20671723,1045,4,6243288,6243288,20671723,14428435,14428435,5071808,9356627,1,0
20722651,488,4,2230269,2230269,20722651,18492382,18492382,13617910,4874472,3,0
20857505,1122,4,6244347,6244347,20857505,14613158,14613158,3034805,11578353,1,0
20939403,50,4,343996,343996,20939403,20595407,20595407,20595407,0,0,0
21211454,129,2,961065,961065,21211454,20250389,20250389,20250389,0,0,0
21460691,1009,4,5640885,5640885,21460691,15819806,15819806,6693205,9126601,1,0
21731604,454,4,2059076,2059076,21731604,19672528,19672528,16282715,3389813,8,0
21812961,179,2,961239,961239,21812961,20851722,20851722,20851722,0,0,0
22023066,217,4,1730177,1730177,22023066,20292889,20292889,19662589,630300,8,0
22189717,1133,2,7184850,7184850,22189717,15004867,15004867,15003698,1169,1,0
22284355,80,4,810528,810528,22284355,21473827,21473827,21473827,0,0,0
22442703,519,4,2230405,2230405,22442703,20212298,20212298,13270001,6942297,1,0
22445215,440,4,2058951,2058951,22445215,20386264,20386264,17676091,2710173,9,0
22580621,696,1,3027713,3027713,22580621,19552908,19552908,19551090,1818,2,0
23241544,967,4,4869543,4869543,23241544,18372001,18372001,9518159,8853842,1,0
23311733,915,4,4390097,4390097,23311733,18921636,18921636,10841532,8080104,1,0
23431847,682,1,3027662,3027662,23431847,20404185,20404185,20402440,1745,2,0
23547852,1066,4,6243588,6243588,23547852,17304264,17304264,7348318,9955946,1,0
23700854,706,1,3027731,3027731,23700854,20673123,20673123,20671255,1868,2,0
23876335,1047,4,6243319,6243319,23876335,17633016,17633016,8147740,9485276,1,0
24071078,191,2,961280,961280,24071078,23109798,23109798,23107041,2757,1,0
24450072,570,8,2778450,2778450,24450072,21671622,21671622,6049087,15622535,1,0
24535928,668,1,3027628,3027628,24535928,21508300,21508300,21506578,1722,2,0
24635782,654,1,3027580,3027580,24635782,21608202,21608202,21606481,1721,2,0
24742615,98,2,960951,960951,24742615,23781664,23781664,23781664,0,0,0
24760443,619,1,3027259,3027259,24760443,21733184,21733184,21731511,1673,2,0
24785264,1030,4,5654182,5654182,24785264,19131082,19131082,9259228,9871854,1,0
24838775,946,4,4496524,4496524,24838775,20342251,20342251,11537681,8804570,1,0
25456552,538,4,2394756,2394756,25456552,23061796,23061796,15623173,7438623,1,0
25553410,492,4,2230283,2230283,25553410,23323127,23323127,18309038,5014089,2,0
25909926,688,1,3027681,3027681,25909926,22882245,22882245,22880474,1771,2,0
26229786,1130,4,6691785,6691785,26229786,19538001,19538001,8325806,11212195,1,0
26443555,1073,4,6243683,6243683,26443555,20199872,20199872,10123043,10076829,1,0
26535262,81,4,810542,810542,26535262,25724720,25724720,25724720,0,0,0
26639521,596,1,3027073,3027073,26639521,23612448,23612448,23610870,1578,2,0
26662475,998,4,5564802,5564802,26662475,21097673,21097673,12381189,8716484,1,0
26704673,968,4,4869549,4869549,26704673,21835124,21835124,12958005,8877119,1,0
26900134,670,1,3027631,3027631,26900134,23872503,23872503,23870780,1723,2,0
26972163,610,1,3027164,3027164,26972163,23944999,23944999,23943297,1702,2,0
27000788,728,1,3027872,3027872,27000788,23972916,23972916,23968300,4616,3,0
27061206,785,1,3028012,3028012,27061206,24033194,24033194,23760525,272669,4,0
27680355,533,4,2394735,2394735,27680355,25285620,25285620,18052989,7232631,1,0
27806279,554,4,2676502,2676502,27806279,25129777,25129777,17229353,7900424,1,0
27810332,611,1,3027172,3027172,27810332,24783160,24783160,24781456,1704,2,0
27881076,873,4,3721582,3721582,27881076,24159494,24159494,16461752,7697742,1,0
28085110,67,2,769021,769021,28085110,27316089,27316089,27316089,0,0,0
28129736,494,4,2230294,2230294,28129736,25899442,25899442,20589229,5310213,1,0
28343411,460,4,2059129,2059129,28343411,26284282,26284282,22651979,3632303,3,0
28800359,566,8,2764771,2764771,28800359,26035588,26035588,10470550,15565038,1,0
28854367,197,2,961301,961301,28854367,27893066,27893066,27890298,2768,1,0
28900794,762,1,3027957,3027957,28900794,25872837,25872837,25757153,115684,4,0
29022400,383,1,1838952,1838952,29022400,27183448,27183448,27171404,12044,3,0
29041131,758,1,3027939,3027939,29041131,26013192,26013192,25911695,101497,4,0
29091883,220,4,1730199,1730199,29091883,27361684,27361684,26324334,1037350,9,0
29307187,110,2,960997,960997,29307187,28346190,28346190,28346190,0,0,0
30083271,760,1,3027949,3027949,30083271,27055322,27055322,26946758,108564,4,0
30098587,632,1,3027344,3027344,30098587,27071243,27071243,27069565,1678,2,0
30100546,43,4,291317,291317,30100546,29809229,29809229,29809229,0,0,0
30125679,635,1,3027354,3027354,30125679,27098325,27098325,27096646,1679,2,0
30184108,155,2,961157,961157,30184108,29222951,29222951,29222951,0,0,0
30653015,1055,4,6243426,6243426,30653015,24409589,24409589,14822207,9587382,1,0
30898660,521,4,2230417,2230417,30898660,28668243,28668243,21557398,7110845,1,0
31019553,904,8,4216605,4216605,31019553,26802948,26802948,12146773,14656175,1,0
31386051,405,2,1900788,1900788,31386051,29485263,29485263,28883676,601587,7,0
31490732,1004,4,5564821,5564821,31490732,25925911,25925911,16834616,9091295,1,0
31548988,677,1,3027645,3027645,31548988,28521343,28521343,28519602,1741,2,0
31581835,923,4,4442568,4442568,31581835,27139267,27139267,18908534,8230733,1,0
32343676,588,1,3027017,3027017,32343676,29316659,29316659,29315109,1550,2,0
32514511,1064,4,6243565,6243565,32514511,26270946,26270946,16341248,9929698,1,0
32563059,254,2,1743163,1743163,32563059,30819896,30819896,30768893,51003,7,0
32967792,1058,4,6243469,6243469,32967792,26724323,26724323,17059150,9665173,1,0
33251916,1021,4,5641113,5641113,33251916,27610803,27610803,18006426,9604377,1,0
33603106,748,1,3027919,3027919,33603106,30575187,30575187,30570195,4992,3,0
33907662,1033,1,6032619,6032619,33907662,27875043,27875043,27871187,3856,2,0
34205974,1127,4,6691429,6691429,34205974,27514545,27514545,16357315,11157230,1,0
34988233,1123,4,6244357,6244357,34988233,28743876,28743876,17162677,11581199,1,0
35511076,44,4,343915,343915,35511076,35167161,35167161,35167161,0,0,0
36675457,149,2,961136,961136,36675457,35714321,35714321,35714321,0,0,0
36934011,497,4,2230308,2230308,36934011,34703703,34703703,29312116,5391587,1,0
37819326,508,4,2230360,2230360,37819326,35588966,35588966,29237139,6351827,1,0
37885476,1012,4,5640904,5640904,37885476,32244572,32244572,22890874,9353698,1,0
37935533,75,2,769128,769128,37935533,37166405,37166405,37166405,0,0,0
38491711,1008,4,5564840,5564840,38491711,32926871,32926871,23755884,9170987,1,0
38689551,134,2,961082,961082,38689551,37728469,37728469,37728469,0,0,0
40121570,745,1,3027908,3027908,40121570,37093662,37093662,37088907,4755,3,0
40297951,218,4,1730179,1730179,40297951,38567772,38567772,37592280,975492,6,0
40439903,1043,4,6077643,6077643,40439903,34362260,34362260,24854177,9508083,1,0
40848395,69,2,769060,769060,40848395,40079335,40079335,40079335,0,0,0
41393067,637,1,3027365,3027365,41393067,38365702,38365702,38364030,1672,2,0
41451903,1054,4,6243415,6243415,41451903,35208488,35208488,25634139,9574349,1,0
41966128,1038,1,6032653,6032653,41966128,35933475,35933475,35925899,7576,3,0
42275909,444,4,2058983,2058983,42275909,40216926,40216926,37293799,2923127,9,0
42487908,594,1,3027065,3027065,42487908,39460843,39460843,39459291,1552,2,0
42616550,1115,4,6244220,6244220,42616550,36372330,36372330,24982527,11389803,1,0
43333476,167,2,961197,961197,43333476,42372279,42372279,42372279,0,0,0
43357244,527,4,2230442,2230442,43357244,41126802,41126802,33832112,7294690,1,0
44820811,420,4,2058826,2058826,44820811,42761985,42761985,41056182,1705803,11,0
45688566,46,4,343923,343923,45688566,45344643,45344643,45344643,0,0,0
45764291,262,2,1743212,1743212,45764291,44021079,44021079,43942805,78274,8,0
45989588,642,1,3027407,3027407,45989588,42962181,42962181,42960521,1660,2,0
46003565,625,1,3027282,3027282,46003565,42976283,42976283,42974594,1689,2,0
46767153,547,4,2394789,2394789,46767153,44372364,44372364,36511330,7861034,1,0
46930147,450,4,2059028,2059028,46930147,44871119,44871119,41548600,3322519,6,0
47326555,907,4,4343650,4343650,47326555,42982905,42982905,35062335,7920570,1,0
48295666,1005,4,5564833,5564833,48295666,42730833,42730833,33638540,9092293,1,0
48434423,1104,4,6244077,6244077,48434423,42190346,42190346,31155250,11035096,1,0
48989191,498,4,2230311,2230311,48989191,46758880,46758880,41346462,5412418,1,0
49421670,616,1,3027214,3027214,49421670,46394456,46394456,46392752,1704,2,0
50274555,1002,4,5564816,5564816,50274555,44709739,44709739,35814896,8894843,1,0
50311412,667,1,3027625,3027625,50311412,47283787,47283787,47282064,1723,2,0
51666090,419,4,2058810,2058810,51666090,49607280,49607280,47962007,1645273,12,0
52430174,609,1,3027159,3027159,52430174,49403015,49403015,49401316,1699,2,0
54156782,704,1,3027727,3027727,54156782,51129055,51129055,51127227,1828,2,0
55194415,606,1,3027148,3027148,55194415,52167267,52167267,52165593,1674,2,0
57016251,608,1,3027156,3027156,57016251,53989095,53989095,53987418,1677,2,0
60638198,641,1,3027403,3027403,60638198,57610795,57610795,57609135,1660,2,0
61555502,276,2,1829698,1829698,61555502,59725804,59725804,59501252,224552,8,0
63252878,628,1,3027310,3027310,63252878,60225568,60225568,60223891,1677,2,0
63267527,684,1,3027667,3027667,63267527,60239860,60239860,60238097,1763,2,0
63535907,139,2,961099,961099,63535907,62574808,62574808,62574808,0,0,0
67011974,646,1,3027514,3027514,67011974,63984460,63984460,63982818,1642,2,0
79869964,501,4,2230326,2230326,79869964,77639638,77639638,71717097,5922541,1,0
80482045,522,4,2230420,2230420,80482045,78251625,78251625,71125881,7125744,1,0
83815103,461,4,2059136,2059136,83815103,81755967,81755967,78103530,3652437,3,0
88999432,589,1,3027020,3027020,88999432,85972412,85972412,85970862,1550,2,0
89332744,664,1,3027613,3027613,89332744,86305131,86305131,86303413,1718,2,0
90315876,229,2,1743052,1743052,90315876,88572824,88572824,88559572,13252,4,0
93420768,447,4,2059011,2059011,93420768,91361757,91361757,88158845,3202912,5,0
98759320,585,8,2877694,2877694,98759320,95881626,95881626,80053854,15827772,1,0
117888013,242,2,1743111,1743111,117888013,116144902,116144902,116131334,13568,4,0
132406979,113,2,961008,961008,132406979,131445971,131445971,131445971,0,0,0
